""	"TR_AG_1"	"TR_AG_3"	"TR_SH_1"	"TR_SH_3"
"0610009L18Rik"	63.0681049079076	62.3843607403715	12.4880316167643	25.1048131063496
"1110002L01Rik"	806.661406322108	803.547810730457	406.901696846235	371.551233973974
"1110006O24Rik"	119.015617326213	100.559865074032	41.6267720558808	56.234781358223
"1500015A07Rik"	180.049267237091	221.604147107588	62.4401580838213	77.3228243675567
"1810011O10Rik"	500.475929269202	540.043719842022	143.612363592789	152.637263686605
"2010107G23Rik"	3.05168249554391	4.65554930898295	18.7320474251464	34.1425458246354
"2010315B03Rik"	176.997584741547	177.841983603149	77.0095283033796	90.3773271828584
"2210011C24Rik"	5.08613749257319	1.86221972359318	16.6507088223523	34.1425458246354
"2310009A05Rik"	140.37739479502	187.153082221115	65.5621659880123	71.2976692220328
"2310033P09Rik"	327.547254521714	293.299606465926	139.449686387201	108.45279261943
"2610008E11Rik"	103.757204848493	115.457622862777	285.143388582784	237.993628248194
"2700038G22Rik"	172.928674747489	176.910873741352	61.3994887824242	69.2892841735248
"2810008D09Rik"	328.564482020228	405.032789881517	111.351615249481	172.721114171685
"2810013P06Rik"	535.0616642187	453.450502694939	214.377876087786	248.035553490734
"2810410L24Rik"	41.7063274391002	50.2799325370158	13.5287009181613	12.0503102910478
"2810433D01Rik"	83.4126548782003	95.9043157650488	27.0574018363225	38.1593159216513
"3110039M20Rik"	432.321686868721	475.797139378057	136.32767848301	191.800772132511
"3110052M02Rik"	104.774432347008	157.357566643624	65.5621659880123	54.2263963097151
"3110056K07Rik"	120.032844824727	94.0420960414556	38.5047641516898	39.1635084459053
"3110099E03Rik"	0	0.93110986179659	22.8947246307345	28.1173906791115
"3300005D01Rik"	832.092093784974	913.418774422455	381.925633612707	402.681202225847
"4430402I18Rik"	87.4815648722589	91.2487664560658	36.4234255488957	33.1383533003814
"4930511M06Rik"	157.670262269769	178.773093464945	47.870787864263	34.1425458246354
"4930592A05Rik"	64.0853324064222	56.797701569592	18.7320474251464	19.0796579608257
"4933421O10Rik"	115.963934830669	111.733183415591	33.3014176447047	16.0670803880637
"4933425B07Rik"	0	0	11.4473623153672	9.03773271828584
"5730559C18Rik"	213.617774688074	202.05084000986	34.3420869461017	39.1635084459053
"6330419J24Rik"	53.9130574212758	40.9688339190499	0	0
"6530402F18Rik"	120.032844824727	112.664293277387	27.0574018363225	33.1383533003814
"8430408G22Rik"	0	4.65554930898295	46.8301185628659	38.1593159216513
"8430427H17Rik"	132.239574806903	111.733183415591	389.210318722486	392.639276983307
"9030617O03Rik"	14.2411849792049	10.2422084797625	72.8468510977915	64.2683215522549
"9330151L19Rik"	143.429077290564	136.873149684099	53.0741343712481	50.2096262126991
"9330159F19Rik"	22.379004967322	24.2088564067113	86.3755520159527	88.3689421343505
"9430018G01Rik"	135.291257302447	162.944225814403	31.2200790419106	24.1006205820956
"9930012K11Rik"	161.739172263827	167.599775123386	374.640948502928	351.467383488894
"9930111J21Rik1"	335.685074509831	318.439572734434	103.026260838305	77.3228243675567
"A230050P20Rik"	191.238769720752	193.670851253691	22.8947246307345	20.0838504850797
"A430105I19Rik"	386.546449435563	314.715133287247	755.525912814237	685.86349406547
"A730020E08Rik"	8.13781998811711	11.1733183415591	43.7081106586749	35.1467383488894
"A830082K12Rik"	149.532442281652	166.66866526159	70.7655124949974	59.247358930985
"Abat"	123.084527320271	137.804259545895	49.952126467057	58.243166406731
"Abca13"	386.546449435563	465.554930898295	8.32535441117617	8.03354019403186
"Abca9"	165.808082257886	147.115358163861	56.1961422754391	41.1718934944133
"Abcb1a"	91.5504748663174	125.69983134254	46.8301185628659	38.1593159216513
"Abcc3"	98.6710673559199	108.008743968404	528.660005109687	517.159149990801
"Abhd14b"	577.785219156315	609.876959476766	304.916105309327	279.165521742607
"Acot11"	133.256802305418	113.595403139184	27.0574018363225	17.0712729123177
"Acp5"	128.170664812844	138.735369407692	16.6507088223523	28.1173906791115
"Acsbg1"	877.867331218133	883.623258844964	282.021380678593	229.960088054162
"Acss3"	30.5168249554392	30.7266254392875	2.08133860279404	3.01257757276195
"Acta1"	48.8269199287026	58.6599212931852	12.4880316167643	22.0922355335876
"Actg2"	31.5340524539538	19.5533070977284	5.20334650698511	2.00838504850797
"Actn3"	173.945902246003	155.49534692003	75.9688590019825	46.1928561156832
"Acvr1c"	2.03445499702928	1.86221972359318	26.0167325349255	18.0754654365717
"Acyp1"	442.493961853868	371.512834856839	166.507088223523	213.893007666098
"Adam12"	282.789244587069	244.881893652503	60.3588194810272	31.1299682518735
"Adam19"	218.703912180647	244.881893652503	49.952126467057	66.2767066007629
"Adam23"	6.10336499108783	1.86221972359318	43.7081106586749	19.0796579608257
"Adamts12"	83.4126548782003	89.3865467324726	30.1794097405136	23.0964280578416
"Adamts5"	2185.00466680944	2175.07263715683	4965.03323696519	4312.0026991466
"Adamts7"	467.924649316734	470.210480207278	66.6028352894093	74.3102467947947
"Adamtsl3"	11.189502483661	22.3466366831182	139.449686387201	145.607916016827
"Adcy3"	755.800031396376	825.894447413575	134.246339880216	142.595338444066
"Adcy7"	5313.99645224047	5195.59302882497	1336.21938299378	1378.75633580072
"Adcy9"	243.117372144999	258.848541579452	101.985591536908	104.436022522414
"Adcyap1r1"	441.476734355353	404.10168001972	93.6602371257319	88.3689421343505
"Adm"	17.2928674747489	14.8977577887454	64.5214966866153	66.2767066007629
"Adm2"	439.442279358324	422.723877255652	169.629096127714	179.750461841463
"Adra1b"	13.2239574806903	8.37998875616931	90.5382292215408	107.448600095176
"Adrb1"	5.08613749257319	10.2422084797625	41.6267720558808	44.1844710671752
"Agtr1a"	0	0.93110986179659	17.6913781237494	19.0796579608257
"Ahi1"	204.462727201442	243.01967392891	552.595399041818	476.991449020642
"AI607873"	287.875382079643	324.026231905213	54.1148036726451	60.251551455239
"Aif1l"	468.941876815248	478.590468963447	1717.10434730508	1685.03505569818
"Aim1"	945.004346120099	896.658796910116	3891.06251792346	3424.29650770608
"Aim2"	18.3100949732635	23.2777465449147	1.04066930139702	1.00419252425398
"Ak4"	621.526001592444	635.948035607071	266.411341157637	225.943317957146
"Akap12"	1745.56238745112	1765.38429796633	6310.61864367154	5262.97301961512
"Akap5"	78.3265173856272	56.797701569592	775.298629540781	680.8425314442
"Akr1c18"	212.600547189559	193.670851253691	7.28468510977915	4.01677009701593
"Akt3"	1046.72709597156	1120.1251637413	181.076458443082	207.867852520574
"Alcam"	2275.53791417725	2178.79707660402	289.306065788372	246.027168442226
"Aldh1b1"	109.860569839581	78.2132283909135	217.499883991977	229.960088054162
"Aldh1l1"	38.6546449435563	30.7266254392875	109.270276646687	110.461177667938
"Aldh3a1"	56.9647399168197	44.6932733662363	156.100395209553	157.658226307875
"Aldh5a1"	35.6029624480123	47.4866029516261	136.32767848301	154.645648735113
"Als2cl"	74.2576073915686	72.626569220134	413.145712654617	408.706357371371
"Amot"	405.873771907341	411.550558914093	1015.69323816349	876.660073673727
"Amotl2"	4965.08742024995	4799.87133756142	11253.7978253074	10888.4595404859
"Angpt1"	68.1542424004808	54.0043719842022	13.5287009181613	19.0796579608257
"Angptl2"	801.575268829535	785.856723356322	100.944922235511	93.3899047556204
"Angptl4"	2143.29833937034	2101.5149580749	957.415757285259	913.815197071124
"Angptl7"	133.256802305418	126.630941204336	8.32535441117617	3.01257757276195
"Ank3"	281.772017088555	281.19517826257	743.037881197473	743.102467947947
"Ankrd29"	32.5512799524684	25.1399662685079	184.198466347273	134.561798250034
"Ankrd34a"	502.510384266231	427.379426564635	185.23913564867	155.649841259367
"Anks6"	52.8958299227612	52.142152260609	210.215198882198	200.838504850797
"Ano1"	92.5677023648321	94.0420960414556	953.253080079671	930.886469983442
"Antxr2"	4400.52615857433	4447.91180980231	2232.23565149661	2027.46470646879
"Aoc3"	20.3445499702928	22.3466366831182	72.8468510977915	66.2767066007629
"Aox3"	28.4823699584099	21.4155268213216	1.04066930139702	1.00419252425398
"Apln"	318.392207035082	250.468552823283	132.165001277422	150.628878638097
"Apobec3"	157.670262269769	138.735369407692	535.944690219466	560.339428533722
"Apobr"	640.853324064222	621.981387680122	218.540553293374	234.981050675432
"Apod"	27.4651424598952	28.8644057156943	3.12200790419106	7.02934766977788
"Appbp2"	568.630171669683	610.808069338563	1786.82919049869	1619.76254162167
"Ar"	395.701496922194	405.032789881517	224.784569101757	164.687573977653
"Arap3"	40.6890999405855	36.313284610067	5.20334650698511	5.02096262126991
"Arhgap28"	78.3265173856272	80.0754481145067	315.322798323297	302.261949800449
"Arhgap32"	105.791659845522	103.353194659421	319.485475528885	280.169714266861
"Arhgap9"	186.152632228179	217.879707660402	47.870787864263	36.1509308731434
"Arhgef16"	0	0.93110986179659	24.9760632335285	33.1383533003814
"Arhgef26"	2.03445499702928	0.93110986179659	55.1554729740421	51.2138187369531
"Arid5b"	1080.29560342255	999.080881707741	2442.45085037881	1819.59685394822
"Arl4a"	206.497182198472	244.881893652503	124.880316167643	93.3899047556204
"Armc9"	433.338914367236	423.654987117448	195.64582866264	218.913970287368
"Arnt2"	281.772017088555	318.439572734434	1069.80804183614	964.024823283823
"Arxes2"	27.4651424598952	41.8999437808465	0	4.01677009701593
"Asap2"	1597.04717266798	1588.47342422498	608.791541317257	583.435856591564
"Atf5"	4220.47689133723	3920.90362802544	1948.13293221522	2100.77076073933
"Atg16l2"	60.0164224123637	84.7309974234897	351.746223872193	368.538656401212
"Atoh8"	206.497182198472	218.810817522199	1063.56402602776	889.714576489029
"Atp1a3"	51.8786024242466	76.3510086673204	13.5287009181613	4.01677009701593
"Atp5sl"	146.480759786108	108.008743968404	284.102719281387	295.232602130671
"Atp8a1"	4.06890999405855	1.86221972359318	28.0980711377196	27.1131981548575
"Atp9a"	6.10336499108783	2.79332958538977	23.9353939321315	28.1173906791115
"AU018091"	47.809692430188	72.626569220134	22.8947246307345	16.0670803880637
"AW011738"	76.2920623885979	99.6287552122351	192.523820758449	192.804964656765
"AW112010"	41.7063274391002	51.2110423988124	7.28468510977915	5.02096262126991
"B230206H07Rik"	39.6718724420709	64.2465804639647	316.363467624694	310.295489994481
"B230208H11Rik"	23.3962324658367	11.1733183415591	50.992795768454	68.2850916492708
"B230217C12Rik"	389.598131931106	355.683967206297	175.873111936097	167.700151550415
"B3gnt3"	200.393817207384	174.117544155962	790.908669061736	832.475602606552
"B430319G15Rik"	346.874576993492	349.166198173721	110.310945948084	115.482140289208
"B4galnt2"	131.222347308388	148.046468025658	328.851499241459	274.144559121337
"B4galnt4"	0	4.65554930898295	121.758308263451	102.427637473906
"B4galt6"	350.94348698755	277.470738815384	125.92098546904	122.511487958986
"B630019K06Rik"	61.0336499108783	61.4532508785749	18.7320474251464	20.0838504850797
"B930003M22Rik"	28.4823699584099	36.313284610067	9.36602371257319	4.01677009701593
"B930059L03Rik"	48.8269199287026	62.3843607403715	18.7320474251464	12.0503102910478
"Bace1"	1143.36370833045	1284.0004994175	576.53079297395	569.377161252008
"Bach2"	72.2231523945393	54.9354818459988	226.865907704551	134.561798250034
"Bai2"	302.116567058848	292.368496604129	41.6267720558808	41.1718934944133
"BC031361"	101.722749851464	99.6287552122351	45.7894492614689	38.1593159216513
"BC037704"	77.3092898871125	65.1776903257613	27.0574018363225	26.1090056306035
"Bcam"	228.876187165794	192.739741391894	720.143156566739	728.039580084137
"Bgn"	42476.3686554758	43453.0350303233	11011.3218780819	10721.7635814598
"Bhlhb9"	999.934631039889	1050.29192410655	282.021380678593	296.236794654925
"Bhlhe41"	974.503943577024	952.525388617911	306.997443912121	347.450613391878
"Bmp4"	697.818063981042	609.876959476766	3805.72763520891	3858.1076781838
"Bmp5"	173.945902246003	175.048654017759	0	0
"Bnip3"	990.779583553258	991.632002813368	384.006972215501	451.886635914292
"Boc"	109.860569839581	96.8354256268453	235.191262115727	222.930740384384
"Btbd11"	25.430687462866	27.9332958538977	184.198466347273	131.549220677272
"Bves"	89.5160198692882	87.5243270088794	329.892168542856	352.471576013148
"C030034I22Rik"	97.6538398574053	118.250952448167	28.0980711377196	52.2180112612071
"C130046K22Rik"	201.411044705898	192.739741391894	69.7248431936004	52.2180112612071
"C1qtnf3"	176.997584741547	166.66866526159	44.7487799600719	45.1886635914292
"C1qtnf7"	61.0336499108783	72.626569220134	21.8540553293374	18.0754654365717
"C2"	3.05168249554391	3.72443944718636	131.124331976025	144.603723492573
"C3"	6438.03283809915	6431.17581542905	1094.78410506967	953.982898041284
"C430049B03Rik"	62.0508774093929	65.1776903257613	19.7727167265434	16.0670803880637
"C4b"	125.118982317301	135.010929960506	44.7487799600719	37.1551233973974
"C920009B18Rik"	7.12059248960247	14.8977577887454	53.0741343712481	44.1844710671752
"Cacng7"	168.85976475343	116.388732724574	6.24401580838213	10.0419252425398
"Cacng8"	50.8613749257319	54.0043719842022	4.16267720558808	5.02096262126991
"Calml4"	80.3609723826564	97.7665354886419	34.3420869461017	38.1593159216513
"Camk1d"	217.686684682133	234.639685172741	546.351383233436	413.727319992641
"Camk2b"	138.342939797991	133.148710236912	63.4808273852183	61.2557439794929
"Camk2n1"	423.16663938209	401.30835043433	105.107599441099	117.490525337716
"Camk2n2"	458.769601830102	450.657173109549	163.385080319332	171.716921647431
"Capg"	4128.92641647092	4202.09880628801	1877.36741972023	2156.0013495733
"Car13"	466.907421818219	530.732621224056	1066.68603393195	1092.56146638833
"Car5b"	695.783608984013	680.641308973307	328.851499241459	343.433843294862
"Car6"	370.270809459328	397.583910987144	160.263072415141	207.867852520574
"Car8"	249.220737136086	250.468552823283	13.5287009181613	10.0419252425398
"Casp4"	487.251971788512	533.525950809446	225.825238403154	196.821734753781
"Casz1"	41.7063274391002	17.6910873741352	101.985591536908	113.4737552407
"Cbfa2t3"	7.12059248960247	5.58665917077954	44.7487799600719	36.1509308731434
"Cbr3"	41.7063274391002	48.4177128134227	99.904252934114	104.436022522414
"Ccdc141"	80.3609723826564	77.282118529117	163.385080319332	170.712729123177
"Ccdc149"	183.100949732635	189.015301944708	94.7009064271289	57.238973882477
"Ccdc19"	33.5685074509831	34.4510648864738	2.08133860279404	4.01677009701593
"Ccdc64"	55.9475124183051	44.6932733662363	98.863583632717	110.461177667938
"Ccdc69"	158.687489768284	186.221972359318	81.1722055089677	90.3773271828584
"Ccdc8"	133.256802305418	122.90650175715	66.6028352894093	47.1970486399372
"Ccdc88c"	76.2920623885979	84.7309974234897	211.255868183595	153.641456210859
"Cck"	722.231523945393	632.223596159884	4.16267720558808	14.0586953395558
"Ccl5"	511.665431752863	489.763787305006	1655.70485852266	1927.04545404339
"Ccl8"	48.8269199287026	50.2799325370158	16.6507088223523	12.0503102910478
"Ccser1"	42.7235549376148	68.9021297729476	152.978387305362	134.561798250034
"Cd14"	762.920623885979	761.64786694961	329.892168542856	391.635084459053
"Cd248"	2306.05473913268	2213.24814149049	974.066466107612	978.083518623379
"Cd24a"	1028.4170009983	1052.15414383015	5336.55217756392	5188.66277282033
"Cd300lb"	75.2748348900832	62.3843607403715	6.24401580838213	3.01257757276195
"Cd53"	62.0508774093929	68.9021297729476	5.20334650698511	5.02096262126991
"Cd55"	1128.10529585273	1182.50952448167	518.253312095717	469.962101350864
"Cd74"	661.197874034515	662.019111737375	261.207994650652	227.951703005654
"Cdca2"	684.594106500352	616.394728509342	1404.90355688598	1328.54670958802
"Cdh1"	24.4134599643513	39.1066141954568	161.303741716538	139.582760871304
"Cdh10"	207.514409696986	226.259696416571	6.24401580838213	10.0419252425398
"Cdh13"	1.01722749851464	0	26.0167325349255	21.0880430093336
"Cdh18"	93.5849298633467	101.490974935828	11.4473623153672	7.02934766977788
"Cdh24"	81.3781998811711	89.3865467324726	164.425749620729	196.821734753781
"Cdhr1"	38.6546449435563	52.142152260609	163.385080319332	148.620493589589
"Cdkn3"	148.515214783137	121.044282033557	297.631420199548	367.534463876958
"Cdr2l"	2878.75382079643	2658.31865542926	1369.52080063848	1300.42931890891
"Cebpa"	467.924649316734	418.999437808465	135.287009181613	106.444407570922
"Cela1"	150.549669780166	137.804259545895	54.1148036726451	79.3312094160646
"Celf4"	86.4643373737443	44.6932733662363	171.710434730508	131.549220677272
"Celsr1"	694.766381485498	658.294672290189	331.97350714565	293.224217082163
"Cend1"	32.5512799524684	25.1399662685079	1.04066930139702	0
"Cenpf"	892.108516197338	869.656610918015	2084.46061069823	1607.71223133063
"Cep55"	804.626951325079	696.470176623849	1498.56379401171	1523.36005929329
"Cercam"	476.062469304851	420.861657532059	66.6028352894093	103.43182999816
"Cers4"	226.841732168764	212.293048489622	72.8468510977915	115.482140289208
"Ces1g"	0	0	14.5693702195583	8.03354019403186
"Cfh"	702.904201473615	719.747923168764	157.14106451095	173.725306695939
"Cgref1"	36.620189946527	30.7266254392875	155.059725908156	187.784002035495
"Chic1"	75.2748348900832	83.7998875616931	10.4066930139702	16.0670803880637
"Chl1"	625.594911586503	705.781275241815	337.176853652635	289.207446985147
"Chrm1"	1.01722749851464	2.79332958538977	65.5621659880123	64.2683215522549
"Chrm2"	0	0	15.6100395209553	23.0964280578416
"Chst1"	8.13781998811711	5.58665917077954	37.4640948502928	45.1886635914292
"Chst15"	0	0	48.91145716566	63.2641290280009
"Cish"	168.85976475343	126.630941204336	77.0095283033796	68.2850916492708
"Cldn15"	2996.75221062412	2946.03160272441	1424.67627361252	1500.26363123545
"Clec11a"	15.2584124777196	9.3110986179659	0	0
"Clic5"	120.032844824727	115.457622862777	363.19358618756	349.458998440386
"Clmn"	47.809692430188	42.8310536426431	482.870555848218	394.647662031815
"Cln3"	137.325712299476	127.562051066133	29.1387404391166	35.1467383488894
"Clstn3"	55.9475124183051	94.9732059032522	19.7727167265434	37.1551233973974
"Clu"	544.216711705331	556.803697354361	1520.41784934105	1763.36207258999
"Clvs1"	258.375784622718	359.408406653484	164.425749620729	140.586953395558
"Cmpk2"	126.136209815815	146.184248302065	626.482919441007	627.620327658739
"Cngb1"	62.0508774093929	63.3154706021681	10.4066930139702	20.0838504850797
"Cnrip1"	94.6021573618614	86.5932171470829	8.32535441117617	3.01257757276195
"Cntnap1"	285.840927082613	245.8130035143	108.22960734529	124.519873007494
"Cntnap3"	0	0	20.8133860279404	24.1006205820956
"Cobl"	30.5168249554392	51.2110423988124	181.076458443082	184.771424462733
"Col11a1"	3519.60714486065	3646.22621879545	1175.95631057863	1109.63273930065
"Col14a1"	50.8613749257319	57.7288114313886	132.165001277422	143.59953096832
"Col1a2"	41999.2889586724	43376.6840216559	7054.69719417041	6977.12965851667
"Col27a1"	222.772822174706	240.22634434352	83.2535441117617	81.3395944645726
"Col4a2"	8230.38769048194	8283.15333054246	3747.45015433067	3514.67383488894
"Col5a3"	335.685074509831	335.199550246772	75.9688590019825	61.2557439794929
"Col6a5"	0	0	20.8133860279404	13.0545028153018
"Col8a1"	1497.35887781355	1413.42477020722	446.447130299322	372.555426498228
"Commd1"	1147.43261832451	1202.0628315794	549.473391137627	595.486166882612
"Cox6a2"	103.757204848493	98.6976453504385	18.7320474251464	19.0796579608257
"Cp"	2964.20093067166	3056.8336762782	1502.7264712173	1364.69764046116
"Cpq"	448.597326844955	465.554930898295	165.466418922126	152.637263686605
"Crabp2"	39.6718724420709	68.9021297729476	2.08133860279404	2.00838504850797
"Creb3l1"	753.765576399347	758.854537364221	129.042993373231	112.469562716446
"Csf1r"	65.1025599049369	76.3510086673204	16.6507088223523	16.0670803880637
"Csf2"	27.4651424598952	22.3466366831182	3.12200790419106	4.01677009701593
"Csgalnact1"	220.738367177677	227.190806278368	10.4066930139702	8.03354019403186
"Csmd3"	99.6882948544346	135.942039822302	1.04066930139702	0
"Cspg4"	40.6890999405855	48.4177128134227	2.08133860279404	1.00419252425398
"Ctla2a"	1899.16373972683	2088.47942000975	877.284221077689	935.907432604712
"Ctla2b"	313.306069542509	291.437386742333	114.473623153672	142.595338444066
"Ctps2"	846.333278764179	845.447754511304	406.901696846235	422.765052710927
"Ctsk"	2331.48542659555	2325.91243476788	433.959098682558	470.966293875118
"Ctsw"	15.2584124777196	30.7266254392875	4.16267720558808	2.00838504850797
"Cxcl12"	2050.73063700551	2113.61938627826	6563.50128391101	6771.2701910446
"Cxcl15"	10.1722749851464	22.3466366831182	84.2942134131587	78.3270168918106
"Cxcl16"	333.650619512801	370.581724995043	759.688590019825	726.031195035629
"Cxxc4"	352.97794198458	357.54618692989	145.693702195583	108.45279261943
"Cxxc5"	217.686684682133	201.119730148063	81.1722055089677	114.477947764954
"Cyb561"	602.198679120666	607.083629891377	193.564490059846	194.813349705273
"Cygb"	151.566897278681	159.219786367217	48.91145716566	72.3018617462867
"Cyp1a1"	2.03445499702928	2.79332958538977	21.8540553293374	26.1090056306035
"Cyp4v3"	54.9302849197905	34.4510648864738	229.987915608742	228.955895529908
"Cysltr1"	0	0	15.6100395209553	20.0838504850797
"D3Bwg0562e"	55.9475124183051	56.797701569592	6.24401580838213	9.03773271828584
"D430036J16Rik"	83.4126548782003	80.0754481145067	34.3420869461017	17.0712729123177
"D5Ertd605e"	264.479149613806	248.606333099689	70.7655124949974	105.440215046668
"D730005E14Rik"	33.5685074509831	18.6221972359318	115.514292455069	106.444407570922
"Daam2"	735.455481426084	707.643494965408	4328.14362451021	4049.90845031631
"Dach1"	19.3273224717781	23.2777465449147	3.12200790419106	0
"Dact1"	127.15343731433	92.1798763178624	18.7320474251464	18.0754654365717
"Daglb"	358.064079477153	289.575167018739	715.980479361151	659.754488434867
"Dapk1"	16.2756399762342	15.828867650542	62.4401580838213	73.3060542705407
"Dapk2"	20.3445499702928	16.7599775123386	60.3588194810272	61.2557439794929
"Dclk2"	57.9819674153344	52.142152260609	118.63630035926	111.465370192192
"Ddt"	275.668652097467	266.297420473825	546.351383233436	699.922189405026
"Depdc1a"	216.669457183618	285.850727571553	765.932605828208	645.695793095311
"Depdc7"	15.2584124777196	22.3466366831182	133.205670578819	109.456985143684
"Deptor"	197.34213471184	163.8753356762	653.540321277329	611.553247270675
"Des"	61.0336499108783	44.6932733662363	9.36602371257319	14.0586953395558
"Dhdh"	26.4479149613806	20.484416959525	0	1.00419252425398
"Dhrs3"	470.976331812278	459.037161865719	1098.94678227525	1030.30152988459
"Dkk2"	38.6546449435563	38.1755043336602	3.12200790419106	6.0251551455239
"Dlc1"	1648.92577509223	1642.47779620918	5033.71741085739	4535.93763205524
"Dlgap5"	1170.82885079035	1141.54069056262	2569.41250514925	2481.35972743159
"Dlx3"	16.2756399762342	13.9666479269488	59.3181501796302	59.247358930985
"Dmpk"	1559.40975522294	1531.67572265539	412.10504335322	427.786015332197
"Dmrta2"	14.2411849792049	17.6910873741352	83.2535441117617	93.3899047556204
"Dna2"	141.394622293535	146.184248302065	364.234255488957	318.329030188512
"Dnah17"	371.288036957843	351.028417897314	175.873111936097	146.612108541081
"Dnaja4"	368.236354462299	368.71950527145	24.9760632335285	36.1509308731434
"Dnajb9"	449.61455434347	465.554930898295	196.686497964037	203.851082423558
"Dnajc22"	27.4651424598952	29.7955155774909	1.04066930139702	1.00419252425398
"Dnm1"	2039.54113452185	1815.66423050335	915.788985229379	984.108673768903
"Dnmt3a"	1010.10690602504	989.769783089775	497.439926067776	402.681202225847
"Dnmt3b"	9.15504748663174	8.37998875616931	36.4234255488957	34.1425458246354
"Doc2b"	0	0	10.4066930139702	11.0461177667938
"Dock3"	97.6538398574053	101.490974935828	20.8133860279404	22.0922355335876
"Dock8"	866.677828734472	801.685591006864	176.913781237494	157.658226307875
"Dpp4"	45.7752374331587	40.0377240572534	5.20334650698511	7.02934766977788
"Dpt"	1828.97504232932	1757.93541907196	272.655356966019	320.33741523702
"Dsel"	568.630171669683	600.5658608588	130.083662674628	140.586953395558
"Dusp10"	135.291257302447	138.735369407692	387.128980119692	358.496731158672
"Dusp28"	183.100949732635	167.599775123386	63.4808273852183	93.3899047556204
"E130012A19Rik"	75.2748348900832	74.4887889437272	145.693702195583	181.758846889971
"E2f7"	482.165834295939	411.550558914093	1029.22193908165	961.012245711061
"E330013P04Rik"	57.9819674153344	70.7643494965408	13.5287009181613	6.0251551455239
"E530011L22Rik"	71.2059248960247	56.797701569592	24.9760632335285	23.0964280578416
"Ebf2"	7.12059248960247	17.6910873741352	61.3994887824242	59.247358930985
"Ebpl"	130.205119809874	134.079820098709	256.004648143667	297.240987179179
"Efcab4a"	96.6366123588906	113.595403139184	41.6267720558808	24.1006205820956
"Egf"	15.2584124777196	10.2422084797625	36.4234255488957	51.2138187369531
"Egr2"	29.4995974569245	24.2088564067113	82.2128748103647	76.3186318433027
"Ehd3"	60.0164224123637	81.0065579763033	257.045317445064	219.918162811622
"Elavl2"	49.8441474272173	54.0043719842022	199.808505868228	165.691766501907
"Elfn1"	16.2756399762342	22.3466366831182	111.351615249481	98.4108673768903
"Elmo3"	136.308484800962	124.768721480743	43.7081106586749	66.2767066007629
"Elovl7"	62.0508774093929	62.3843607403715	208.133860279404	202.846889899305
"Emid1"	78.3265173856272	63.3154706021681	8.32535441117617	18.0754654365717
"Eml2"	632.715504076105	619.188058094732	279.940042075799	276.152944169845
"En1"	14.2411849792049	16.7599775123386	92.6195678243349	98.4108673768903
"Endod1"	457.752374331587	498.143776061176	171.710434730508	193.809157181019
"Enpp5"	28.4823699584099	48.4177128134227	501.602603273364	495.066914457213
"Epb4.1l3"	2.03445499702928	0.93110986179659	1588.06135393185	1468.12947045932
"Epb4.1l4a"	213.617774688074	175.979763879555	1080.21473485011	936.911625128966
"Epha1"	117.998389827698	123.837611618946	285.143388582784	262.094248830289
"Epha7"	1019.26195351167	1114.53850457052	513.049965588731	481.008219117658
"Eps8l2"	248.203509637572	225.328586554775	1262.33186259459	1207.03941415329
"Erbb3"	55.9475124183051	62.3843607403715	142.571694291392	103.43182999816
"Esco2"	258.375784622718	364.995065824263	738.875203991885	702.934766977788
"Espnl"	125.118982317301	119.182062309963	24.9760632335285	21.0880430093336
"Esr1"	119.015617326213	121.975391895353	331.97350714565	283.182291839623
"Etl4"	281.772017088555	350.097308035518	784.664653253354	555.318465912452
"Etv4"	1441.41136539524	1471.15358163861	520.334650698511	520.171727563563
"Etv5"	587.957494141461	540.974829703819	240.394608622712	172.721114171685
"Eya1"	23.3962324658367	33.5199550246772	478.70787864263	385.609929313529
"F2rl1"	520.820479239495	504.661545093752	1181.15965708562	1152.81301784357
"F730043M19Rik"	82.3954273796857	104.284304521218	10.4066930139702	20.0838504850797
"F8a"	144.446304789079	110.802073553794	64.5214966866153	51.2138187369531
"Fabp4"	18.3100949732635	47.4866029516261	6.24401580838213	1.00419252425398
"Fam107b"	1778.11366740359	1824.04421925952	5086.79154522864	5094.26867554045
"Fam110c"	650.008371550854	629.430266574495	208.133860279404	178.746269317209
"Fam120c"	491.32088178257	545.630379012802	279.940042075799	219.918162811622
"Fam134b"	880.919013713677	821.238898104592	411.064374051823	348.454805916132
"Fam13a"	5.08613749257319	5.58665917077954	30.1794097405136	28.1173906791115
"Fam151a"	89.5160198692882	68.9021297729476	16.6507088223523	15.0628878638097
"Fam189a2"	34.5857349494977	37.2443944718636	109.270276646687	122.511487958986
"Fam195b"	1893.06037473574	1890.15301944708	864.796189460925	923.857122313664
"Fam20a"	262.444694616777	276.539628953587	18.7320474251464	30.1257757276195
"Fam210b"	632.715504076105	580.081443899275	308.038113213518	273.140366597083
"Fam211b"	72.2231523945393	86.5932171470829	274.736695568814	286.194869412385
"Fam219aos"	156.653034771254	175.979763879555	66.6028352894093	58.243166406731
"Fam46a"	378.408629447445	359.408406653484	148.815710099774	158.662418832129
"Fam46c"	74.2576073915686	81.9376678380999	145.693702195583	168.704344074669
"Fam65b"	51.8786024242466	47.4866029516261	152.978387305362	129.540835628764
"Fam69a"	1387.49830797397	1432.04696744316	552.595399041818	605.528092125152
"Fam71f2"	52.8958299227612	50.2799325370158	13.5287009181613	13.0545028153018
"Fam73a"	63.0681049079076	68.9021297729476	224.784569101757	207.867852520574
"Fam83h"	383.494766940019	346.372868588331	1083.3367427543	1013.23025697227
"Fam84a"	14.2411849792049	27.0021859921011	1.04066930139702	1.00419252425398
"Fancd2"	462.83851182416	503.730435231955	1097.90611297386	1022.26798969055
"Fat4"	102.739977349978	80.0754481145067	251.841970938079	203.851082423558
"Fbln1"	3.05168249554391	4.65554930898295	306.997443912121	351.467383488894
"Fbxl21"	1.01722749851464	0	19.7727167265434	28.1173906791115
"Fbxl7"	107.826114842552	110.802073553794	337.176853652635	304.270334848957
"Fcho1"	2.03445499702928	4.65554930898295	26.0167325349255	30.1257757276195
"Fer1l5"	128.170664812844	127.562051066133	44.7487799600719	63.2641290280009
"Fgf13"	4.06890999405855	5.58665917077954	110.310945948084	92.3857122313664
"Fgf14"	54.9302849197905	68.9021297729476	1.04066930139702	0
"Fgf16"	0	0	6.24401580838213	19.0796579608257
"Fgf2"	66.1197874034515	71.6954593583374	1.04066930139702	10.0419252425398
"Fgf21"	71.2059248960247	79.1443382527101	35.3827562474987	24.1006205820956
"Fgf7"	359.081306975667	356.615077068094	1358.07343832311	1295.40835628764
"Fgfbp1"	8.13781998811711	13.9666479269488	52.0334650698511	50.2096262126991
"Fgfr1"	3986.51456667887	3969.32134083886	1849.26934858251	1769.38722773552
"Fgfr3"	40.6890999405855	37.2443944718636	109.270276646687	107.448600095176
"Fhl1"	938.900981129011	951.594278756115	3047.07971449048	3179.27353178811
"Fhod3"	32.5512799524684	27.0021859921011	109.270276646687	113.4737552407
"Fjx1"	97.6538398574053	81.0065579763033	42.6674413572779	33.1383533003814
"Fndc1"	0	0	38.5047641516898	59.247358930985
"Fosb"	254.30687462866	242.088564067113	611.913549221448	636.658060377025
"Foxd1"	0	0.93110986179659	148.815710099774	113.4737552407
"Foxd2"	158.687489768284	177.841983603149	371.518940598737	338.412880673592
"Foxo6"	631.69827657759	560.528136801547	1281.06391001973	1286.37062356935
"Foxp2"	666.284011527088	703.919055518222	1694.20962267435	1588.6325733698
"Foxred2"	948.056028615643	929.247642072997	297.631420199548	275.148751645591
"Fras1"	126.136209815815	127.562051066133	1002.16453724533	760.173740860265
"Frat1"	18.3100949732635	19.5533070977284	61.3994887824242	50.2096262126991
"Frzb"	232.945097159852	190.877521668301	78.0501976047766	41.1718934944133
"Fsd1"	143.429077290564	145.253138440268	0	0
"Fst"	2.03445499702928	2.79332958538977	21.8540553293374	19.0796579608257
"Fstl3"	60.0164224123637	82.8687776998965	395.454334530868	465.945331253848
"Fuom"	135.291257302447	145.253138440268	59.3181501796302	61.2557439794929
"Gabra3"	217.686684682133	247.675223237893	47.870787864263	39.1635084459053
"Gabre"	255.324102127174	256.986321855859	77.0095283033796	109.456985143684
"Gabrg1"	123.084527320271	151.770907472844	5.20334650698511	6.0251551455239
"Galnt12"	100.705522352949	95.9043157650488	295.550081596754	216.90558523886
"Galnt3"	36.620189946527	45.6243832280329	3.12200790419106	13.0545028153018
"Gas2"	412.994364396943	410.619449052296	167.54775752492	156.654033783621
"Gas2l3"	392.64981442665	453.450502694939	986.554497724376	794.3162866849
"Gas6"	11.189502483661	2.79332958538977	2959.66349317313	2916.17509043357
"Gas7"	253.289647130145	252.330772546876	40.5861027544838	46.1928561156832
"Gata3"	174.963129744518	174.117544155962	408.983035449029	478.99983406915
"Gcnt1"	566.595716672654	591.254762240835	1240.47780726525	1146.78786269805
"Gda"	498.441474272173	556.803697354361	186.279804950067	171.716921647431
"Gdf10"	0	0	4.16267720558808	19.0796579608257
"Gdpd5"	106.808887344037	74.4887889437272	203.971183073816	167.700151550415
"Gfod1"	1155.57043831263	1128.50515249747	568.205438562773	485.024989214674
"Gfpt2"	1593.99549017244	1456.25582384987	217.499883991977	195.817542229527
"Ggt7"	155.63580727274	200.188620286267	40.5861027544838	48.2012411641912
"Gimap9"	23.3962324658367	26.0710761303045	65.5621659880123	64.2683215522549
"Gjb5"	76.2920623885979	79.1443382527101	22.8947246307345	25.1048131063496
"Gjc1"	170.894219750459	148.977577887454	322.607483433077	381.593159216513
"Gjc2"	119.015617326213	118.250952448167	34.3420869461017	58.243166406731
"Gldc"	8.13781998811711	2.79332958538977	33.3014176447047	25.1048131063496
"Glipr2"	900.246336185455	919.936543455031	439.162445189543	405.693779798609
"Glis3"	219.721139679162	181.566423050335	549.473391137627	432.806977953467
"Gls2"	42.7235549376148	28.8644057156943	71.8061817963945	100.419252425398
"Glul"	2.03445499702928	0.93110986179659	46.8301185628659	35.1467383488894
"Gm11110"	242.100144646484	231.846355587351	60.3588194810272	72.3018617462867
"Gm11149"	314.323297041023	312.852913563654	155.059725908156	109.456985143684
"Gm11351"	25.430687462866	23.2777465449147	83.2535441117617	106.444407570922
"Gm11744"	37.6374174450416	38.1755043336602	5.20334650698511	13.0545028153018
"Gm12185"	86.4643373737443	100.559865074032	28.0980711377196	25.1048131063496
"Gm13212"	129.187892311359	158.28867650542	11.4473623153672	6.0251551455239
"Gm14139"	12.2067299821757	12.1044282033557	0	0
"Gm15328"	13.2239574806903	10.2422084797625	57.2368115768362	51.2138187369531
"Gm15663"	72.2231523945393	55.8665917077954	14.5693702195583	13.0545028153018
"Gm16548"	6.10336499108783	10.2422084797625	38.5047641516898	45.1886635914292
"Gm16596"	117.998389827698	131.286490513319	53.0741343712481	65.2725140765089
"Gm20554"	22.379004967322	27.0021859921011	1.04066930139702	0
"Gm20744"	524.889389233553	527.939291638666	251.841970938079	224.939125432892
"Gm2115"	179.032039738576	154.564237058234	42.6674413572779	45.1886635914292
"Gm3604"	54.9302849197905	51.2110423988124	10.4066930139702	16.0670803880637
"Gm4013"	90.5332473678028	123.837611618946	38.5047641516898	60.251551455239
"Gm4961"	112.912252335125	100.559865074032	8.32535441117617	3.01257757276195
"Gm5126"	0	0	8.32535441117617	12.0503102910478
"Gm5820"	26.4479149613806	28.8644057156943	5.20334650698511	2.00838504850797
"Gm7457"	80.3609723826564	85.6621072852863	30.1794097405136	23.0964280578416
"Gm7694"	64.0853324064222	54.0043719842022	138.409017085804	158.662418832129
"Gm867"	27.4651424598952	39.1066141954568	1.04066930139702	2.00838504850797
"Gm8773"	104.774432347008	92.1798763178624	43.7081106586749	43.1802785429213
"Gnai1"	185.135404729664	243.950783790707	657.702998482917	653.729333289343
"Gng11"	127.15343731433	111.733183415591	26.0167325349255	46.1928561156832
"Gng3"	9.15504748663174	3.72443944718636	36.4234255488957	30.1257757276195
"Gpc6"	178.014812240062	154.564237058234	359.030908981972	351.467383488894
"Gpm6b"	0	0	19.7727167265434	29.1215832033655
"Gpr115"	69.1714698989954	70.7643494965408	4.16267720558808	12.0503102910478
"Gpr123"	12.2067299821757	10.2422084797625	0	0
"Gpr133"	11.189502483661	7.44887889437272	32.2607483433077	41.1718934944133
"Gpr149"	160.721944765313	141.528698993082	0	4.01677009701593
"Gpr153"	654.077281544912	634.085815883478	160.263072415141	167.700151550415
"Gpr44"	74.2576073915686	54.9354818459988	106.148268742496	153.641456210859
"Gpr56"	39.6718724420709	67.9710199111511	221.662561197565	163.683381453399
"Gpr68"	70.18869739751	81.9376678380999	5.20334650698511	12.0503102910478
"Gprasp1"	322.46111702914	307.266254392875	113.432953852275	127.532450580256
"Gprc5a"	1866.61245977436	1868.73749262576	4250.09342690543	4421.45968429029
"Gprin3"	7.12059248960247	8.37998875616931	34.3420869461017	32.1341607761274
"Gpsm3"	742.576073915686	720.679033030561	225.825238403154	224.939125432892
"Gpx7"	91.5504748663174	98.6976453504385	201.889844471022	278.161329218353
"Greb1"	33.5685074509831	33.5199550246772	3.12200790419106	1.00419252425398
"Greb1l"	233.962324658367	239.295234481724	620.238903632625	486.029181738928
"Grhl3"	1.01722749851464	1.86221972359318	16.6507088223523	26.1090056306035
"Gria3"	111.89502483661	153.633127196437	60.3588194810272	62.2599365037469
"Gria4"	41.7063274391002	55.8665917077954	9.36602371257319	19.0796579608257
"Grid2"	57.9819674153344	36.313284610067	6.24401580838213	2.00838504850797
"Grm7"	14.2411849792049	7.44887889437272	0	0
"Gspt2"	71.2059248960247	51.2110423988124	4.16267720558808	1.00419252425398
"Gsta3"	31.5340524539538	25.1399662685079	0	2.00838504850797
"Gstm4"	122.067299821757	135.010929960506	55.1554729740421	47.1970486399372
"Gsto2"	292.961519572216	337.992879832162	98.863583632717	103.43182999816
"Gstt3"	97.6538398574053	83.7998875616931	238.313270019918	241.006205820956
"Gtpbp10"	269.565287106379	300.748485360299	564.042761357185	584.440049115818
"Gucy1a3"	92.5677023648321	63.3154706021681	3.12200790419106	5.02096262126991
"H1fx"	3.05168249554391	12.1044282033557	75.9688590019825	91.3815197071124
"H2-DMb1"	101.722749851464	121.975391895353	50.992795768454	56.234781358223
"H2-K1"	895.160198692882	879.898819397777	2030.34580702559	2268.47091228975
"H2-Q4"	68.1542424004808	51.2110423988124	236.231931417124	247.03136096648
"Hap1"	1355.96425552001	1260.72275287258	278.899372774402	318.329030188512
"Hapln4"	326.530027023199	360.33951651528	68.6841738922034	58.243166406731
"Has1"	723.248751443908	700.194616071036	121.758308263451	127.532450580256
"Has2"	388.580904432592	437.621635044397	213.337206786389	164.687573977653
"Havcr2"	459.786829328617	557.734807216157	83.2535441117617	62.2599365037469
"Hdc"	21.3617774688074	5.58665917077954	72.8468510977915	83.3479795130806
"Hdx"	0	0	14.5693702195583	8.03354019403186
"Hecw1"	0	0.93110986179659	65.5621659880123	67.2808991250168
"Heph"	334.667847011316	354.752857344501	0	0
"Hes7"	32.5512799524684	47.4866029516261	6.24401580838213	13.0545028153018
"Hgf"	128.170664812844	162.013115952607	13.5287009181613	8.03354019403186
"Hhex"	4.06890999405855	1.86221972359318	61.3994887824242	99.4150599011443
"Hhipl1"	279.737562091526	326.819561490603	133.205670578819	127.532450580256
"Hint2"	73.240379893054	97.7665354886419	199.808505868228	242.01039834521
"Hist1h1c"	621.526001592444	630.361376436291	168.588426826317	138.57856834705
"Hist1h4i"	556.423441687507	507.454874679141	151.937718003965	248.035553490734
"Hivep3"	62.0508774093929	65.1776903257613	235.191262115727	161.674996404891
"Hlf"	80.3609723826564	103.353194659421	31.2200790419106	11.0461177667938
"Hmcn1"	265.496377112321	256.986321855859	79.0908669061736	71.2976692220328
"Hmga1"	376.374174450416	268.159640197418	149.856379401171	125.524065531748
"Hmha1"	932.797616137923	922.72987304042	1895.05879784398	2066.6282149147
"Hopx"	42.7235549376148	43.7621635044397	171.710434730508	210.880430093336
"Hoxb13"	0	0	14.5693702195583	17.0712729123177
"Hoxb9"	193.273224717781	204.84416959525	428.755752175573	469.962101350864
"Hoxc12"	0	0	58.2774808782332	70.2934766977788
"Hoxc13"	2.03445499702928	1.86221972359318	120.717638962054	102.427637473906
"Hoxc6"	7.12059248960247	12.1044282033557	101.985591536908	112.469562716446
"Hoxc9"	0	1.86221972359318	18.7320474251464	22.0922355335876
"Hoxd9"	4.06890999405855	2.79332958538977	82.2128748103647	111.465370192192
"Hp"	100.705522352949	125.69983134254	21.8540553293374	15.0628878638097
"Hpcal1"	1467.85928035662	1463.70470274424	713.899140758356	723.018617462867
"Hpse"	170.894219750459	164.806445537996	363.19358618756	376.572196595243
"Hs3st1"	1027.39977349978	1042.84304521218	420.430397764397	433.811170477721
"Hs3st3b1"	0	0.93110986179659	17.6913781237494	26.1090056306035
"Hsh2d"	61.0336499108783	62.3843607403715	4.16267720558808	15.0628878638097
"Hspa12b"	318.392207035082	349.166198173721	87.4162213173498	87.3647496100965
"Hspa1a"	323.478344527655	334.268440384976	47.870787864263	70.2934766977788
"Hspa1l"	113.929479833639	123.837611618946	61.3994887824242	47.1970486399372
"Htatip2"	383.494766940019	428.310536426431	16.6507088223523	14.0586953395558
"Htr1b"	155.63580727274	142.459808854878	55.1554729740421	48.2012411641912
"Hunk"	0	1.86221972359318	154.019056606759	144.603723492573
"Hykk"	48.8269199287026	37.2443944718636	150.897048702568	97.4066748526363
"I830012O16Rik"	1097.58847089729	1142.47180042442	559.880084151597	476.991449020642
"Icam5"	69.1714698989954	93.110986179659	24.9760632335285	41.1718934944133
"Id2"	226.841732168764	175.979763879555	580.693470179538	610.549054746421
"Ifi203"	523.872161735039	590.323652379038	189.401812854258	178.746269317209
"Ifi27l2a"	781.230718859242	861.276622161846	290.346735089769	376.572196595243
"Ifi27l2b"	106.808887344037	122.90650175715	12.4880316167643	10.0419252425398
"Ifi44"	1161.67380330372	1220.68502881533	559.880084151597	467.953716302356
"Ifi47"	465.890194319704	532.594840947649	54.1148036726451	57.238973882477
"Ifit3"	2835.0130383603	2986.06932678166	1212.37973612753	1164.86332813462
"Ifitm10"	80.3609723826564	54.0043719842022	20.8133860279404	12.0503102910478
"Igdcc4"	324.49557202617	340.786209417552	38.5047641516898	56.234781358223
"Igf1r"	1445.4802753893	1527.9512832082	3251.05089756429	2721.36174072829
"Igfbp2"	4.06890999405855	0	20.8133860279404	26.1090056306035
"Igfbp4"	26749.0143009409	25935.1340904822	11766.8477908961	12142.6960032792
"Igfbp7"	7544.77635648307	6876.24632936782	1821.17127744479	2119.85041870016
"Igip"	103.757204848493	104.284304521218	42.6674413572779	42.1760860186673
"Iglon5"	76.2920623885979	83.7998875616931	5.20334650698511	7.02934766977788
"Igtp"	1128.10529585273	1131.29848208286	549.473391137627	578.414893970294
"Ikzf2"	78.3265173856272	92.1798763178624	190.442482155655	154.645648735113
"Il17rd"	13.2239574806903	11.1733183415591	181.076458443082	174.729499220193
"Il17re"	6.10336499108783	4.65554930898295	32.2607483433077	44.1844710671752
"Il1rl2"	82.3954273796857	96.8354256268453	30.1794097405136	21.0880430093336
"Il33"	123.084527320271	132.217600375116	299.712758802342	293.224217082163
"Impact"	973.486716078509	986.045343642589	2817.09179888174	2712.32400801001
"Inhbb"	2.03445499702928	6.51776903257613	56.1961422754391	51.2138187369531
"Inpp5j"	47.809692430188	40.0377240572534	3.12200790419106	6.0251551455239
"Iqcd"	141.394622293535	135.942039822302	55.1554729740421	49.2054336884451
"Iqgap3"	635.767186571649	577.288114313886	1452.77434475024	1420.93242181939
"Iqsec1"	1304.08565309577	1322.17600375116	2824.37648399152	2467.30103209204
"Irf5"	183.100949732635	160.150896229013	71.8061817963945	77.3228243675567
"Irgm1"	5745.30091161068	5974.00087328692	2777.54636542865	2723.3701257768
"Irgm2"	2006.98985456938	2064.27056360304	807.559377884088	747.119238044963
"Irx2"	210.56609219253	208.568609042436	1.04066930139702	2.00838504850797
"Irx3"	6.10336499108783	0.93110986179659	24.9760632335285	34.1425458246354
"Islr"	106.808887344037	99.6287552122351	13.5287009181613	14.0586953395558
"Itga10"	147.497987284623	132.217600375116	74.9281897005855	59.247358930985
"Itga3"	4374.07824361294	4531.711697364	12737.7922490995	11878.5933694004
"Itga7"	318.392207035082	295.161826189519	104.066930139702	112.469562716446
"Itgb2"	141.394622293535	142.459808854878	31.2200790419106	43.1802785429213
"Itgb3"	710.024793963218	709.505714689001	289.306065788372	260.085863781781
"Itgb7"	245.151827142028	279.332958538977	110.310945948084	134.561798250034
"Itgb8"	828.023183790916	837.998875616931	335.095515049841	315.316452615751
"Itih2"	460.804056827131	477.659359101651	164.425749620729	175.733691744447
"Ivl"	57.9819674153344	80.0754481145067	2.08133860279404	5.02096262126991
"Jakmip2"	22.379004967322	27.0021859921011	5.20334650698511	1.00419252425398
"Jam2"	1028.4170009983	1054.01636355374	247.679293732491	303.266142324703
"Kalrn"	10.1722749851464	16.7599775123386	163.385080319332	192.804964656765
"Kank4"	0	0	31.2200790419106	18.0754654365717
"Kcnip3"	60.0164224123637	90.3176565942692	29.1387404391166	32.1341607761274
"Kcnk2"	69.1714698989954	67.0399100493545	8.32535441117617	12.0503102910478
"Kcnk5"	84.429882376715	72.626569220134	266.411341157637	315.316452615751
"Kif17"	48.8269199287026	33.5199550246772	9.36602371257319	12.0503102910478
"Kif26b"	372.305264456358	320.301792458027	143.612363592789	176.737884268701
"Kif2c"	780.213491360728	837.067765755134	1652.58285061847	1626.79188929145
"Klf12"	250.237964634601	248.606333099689	130.083662674628	114.477947764954
"Klf15"	5.08613749257319	2.79332958538977	48.91145716566	49.2054336884451
"Klf2"	1150.48430082006	1042.84304521218	446.447130299322	500.087877078483
"Klf5"	225.82450467025	197.395290700877	772.17662163659	643.687408046803
"Klhl1"	20.3445499702928	10.2422084797625	0	0
"Krt15"	80.3609723826564	73.5576790819306	5.20334650698511	11.0461177667938
"Krt18"	285.840927082613	313.784023425451	44.7487799600719	36.1509308731434
"Krt19"	94.6021573618614	105.215414383015	1939.80757780405	2104.78753083635
"Krt8"	27.4651424598952	28.8644057156943	95.7415757285259	106.444407570922
"Lama2"	527.941071729097	500.005995784769	61.3994887824242	50.2096262126991
"Lamc3"	5.08613749257319	15.828867650542	60.3588194810272	62.2599365037469
"Layn"	452.666236839014	443.208294215177	167.54775752492	173.725306695939
"Lbp"	286.858154581128	315.646243149044	116.554961756466	136.570183298542
"Lca5l"	25.430687462866	32.5888451628806	7.28468510977915	3.01257757276195
"Ldhb"	16.2756399762342	18.6221972359318	236.231931417124	269.123596500067
"Ldlrad4"	737.489936423113	761.64786694961	258.085986746461	251.048131063496
"Leprel1"	103.757204848493	122.90650175715	243.516616526903	263.098441354543
"Lgals3bp"	4737.22846058267	4912.53563083881	1936.68556989986	1911.98256617958
"Lgi2"	79.3437448841418	77.282118529117	10.4066930139702	6.0251551455239
"Lgr6"	109.860569839581	97.7665354886419	41.6267720558808	35.1467383488894
"Lhpp"	250.237964634601	244.881893652503	113.432953852275	107.448600095176
"Lif"	1217.62131572202	1310.0715755478	530.741343712481	485.024989214674
"Lin28b"	12.2067299821757	27.9332958538977	93.6602371257319	84.3521720373345
"Lipi"	14.2411849792049	11.1733183415591	0	0
"Llgl2"	406.890999405855	444.139404076973	1212.37973612753	1053.39795794243
"Lmcd1"	168.85976475343	177.841983603149	54.1148036726451	87.3647496100965
"Lmo7"	439.442279358324	509.317094402735	1645.29816550869	1501.2678237597
"LOC100503496"	48.8269199287026	42.8310536426431	133.205670578819	94.3940972798744
"LOC100862268"	30.5168249554392	30.7266254392875	5.20334650698511	6.0251551455239
"LOC102633315"	108.843342341066	108.939853830201	42.6674413572779	61.2557439794929
"LOC106740"	96.6366123588906	96.8354256268453	27.0574018363225	46.1928561156832
"Lonrf3"	212.600547189559	196.46418083908	40.5861027544838	53.2222037854611
"Loxl4"	704.938656470644	664.812441322765	2102.15198882198	2027.46470646879
"Lpar3"	0	0	19.7727167265434	33.1383533003814
"Lpar4"	0	1.86221972359318	70.7655124949974	70.2934766977788
"Lpar6"	90.5332473678028	101.490974935828	211.255868183595	209.876237569082
"Lphn1"	1981.55916710652	1769.10873741352	433.959098682558	351.467383488894
"Lpl"	605.25036161621	591.254762240835	2016.81710610743	1843.69747453031
"Lrch2"	303.133794557362	289.575167018739	48.91145716566	25.1048131063496
"Lrp2"	265.496377112321	268.159640197418	1010.48989165651	786.282746490868
"Lrp2bp"	41.7063274391002	39.1066141954568	2.08133860279404	8.03354019403186
"Lrp4"	14.2411849792049	28.8644057156943	60.3588194810272	65.2725140765089
"Lrp5"	800.55804133102	827.756667137168	1771.21915097773	1552.48164249666
"Lrrc27"	178.014812240062	186.221972359318	94.7009064271289	77.3228243675567
"Lrrc32"	204.462727201442	233.708575310944	26.0167325349255	24.1006205820956
"Lrrc4c"	73.240379893054	86.5932171470829	23.9353939321315	21.0880430093336
"Lrrc8e"	56.9647399168197	57.7288114313886	143.612363592789	118.49471786197
"Lrrk2"	3.05168249554391	5.58665917077954	188.361143552861	176.737884268701
"Lrtm2"	10.1722749851464	3.72443944718636	106.148268742496	92.3857122313664
"Lsp1"	429.270004373177	426.448316702838	192.523820758449	198.830119802289
"Ltbp2"	44.7580099346441	46.5554930898295	14.5693702195583	9.03773271828584
"Lxn"	460.804056827131	427.379426564635	842.942134131587	955.991283089792
"Ly6f"	9.15504748663174	5.58665917077954	30.1794097405136	56.234781358223
"Ly75"	396.718724420709	374.306164442229	1009.44922235511	913.815197071124
"Ly9"	0	2.79332958538977	65.5621659880123	53.2222037854611
"Lypd6"	7.12059248960247	3.72443944718636	37.4640948502928	35.1467383488894
"Lysmd2"	39.6718724420709	24.2088564067113	101.985591536908	70.2934766977788
"Macc1"	338.736757005375	343.579539002942	68.6841738922034	57.238973882477
"Mafb"	13.2239574806903	7.44887889437272	93.6602371257319	69.2892841735248
"Maged2"	2269.43454918616	2391.09012509364	1120.80083760459	1185.95137114395
"Magi1"	613.388181604327	599.634750997004	1308.12131185606	1283.35804599659
"Magi2"	217.686684682133	214.155268213216	82.2128748103647	85.3563645615885
"Mamdc2"	48.8269199287026	57.7288114313886	15.6100395209553	15.0628878638097
"Map1a"	1509.56560779572	1629.44225814403	491.195910259394	393.643469507561
"Map2"	9.15504748663174	5.58665917077954	516.171973492922	407.702164847117
"Map2k6"	60.0164224123637	50.2799325370158	110.310945948084	136.570183298542
"Map3k1"	238.031234652425	244.881893652503	835.657449021808	668.792221153152
"Map3k7cl"	9.15504748663174	13.9666479269488	50.992795768454	41.1718934944133
"Mapk4"	3.05168249554391	0.93110986179659	124.880316167643	107.448600095176
"March1"	58.999194913849	45.6243832280329	16.6507088223523	9.03773271828584
"Marcksl1"	635.767186571649	681.572418835104	1922.1161996803	2087.71625792403
"Masp1"	14.2411849792049	11.1733183415591	178.995119840288	185.775616986987
"Mb21d2"	335.685074509831	312.852913563654	143.612363592789	177.742076792955
"Mctp1"	277.703107094496	306.335144531078	14.5693702195583	29.1215832033655
"Mcts2"	19.3273224717781	19.5533070977284	237.272600718521	181.758846889971
"Mdfi"	96.6366123588906	87.5243270088794	30.1794097405136	46.1928561156832
"Mdm1"	169.876992251945	162.944225814403	327.810829940062	338.412880673592
"Medag"	2512.55192133116	2477.68334224073	553.636068343215	534.230422903119
"Mef2c"	471.993559310792	446.001623800567	184.198466347273	172.721114171685
"Megf10"	100.705522352949	166.66866526159	54.1148036726451	53.2222037854611
"Megf6"	1.01722749851464	5.58665917077954	82.2128748103647	99.4150599011443
"Mei4"	74.2576073915686	63.3154706021681	22.8947246307345	18.0754654365717
"Mest"	77.3092898871125	65.1776903257613	246.638624431094	244.018783393718
"Mfap3l"	302.116567058848	316.577353010841	154.019056606759	148.620493589589
"Mfsd6"	674.421831515205	635.948035607071	28.0980711377196	26.1090056306035
"Mgp"	81.3781998811711	89.3865467324726	8.32535441117617	15.0628878638097
"Mgst2"	37.6374174450416	48.4177128134227	3.12200790419106	7.02934766977788
"Mipol1"	92.5677023648321	114.526513000981	47.870787864263	44.1844710671752
"Mks1"	191.238769720752	140.597589131285	69.7248431936004	91.3815197071124
"Mlh3"	1045.70986847305	1026.08306769984	477.667209341233	418.748282613911
"Mmd"	1817.78553984566	1851.97751511342	684.76040031924	641.679022998295
"Mmp10"	277.703107094496	205.775279457046	77.0095283033796	77.3228243675567
"Mmp13"	2779.06552594199	2758.8785205033	659.784337085711	656.741910862105
"Mmp17"	13.2239574806903	11.1733183415591	73.8875203991885	73.3060542705407
"Mmp19"	542.182256708302	565.18368611053	254.96397884227	264.102633878797
"Mmp3"	553.371759191963	576.357004452089	249.760632335285	268.119403975813
"Mn1"	82.3954273796857	62.3843607403715	394.413665229471	300.253564751941
"Mocos"	97.6538398574053	103.353194659421	243.516616526903	205.859467472066
"Mppe1"	83.4126548782003	80.0754481145067	231.028584910139	232.972665626924
"Mpzl2"	12.2067299821757	8.37998875616931	63.4808273852183	61.2557439794929
"Ms4a4d"	242.100144646484	270.021859921011	58.2774808782332	32.1341607761274
"Msi1"	48.8269199287026	45.6243832280329	8.32535441117617	10.0419252425398
"Msl3l2"	63.0681049079076	61.4532508785749	18.7320474251464	23.0964280578416
"Msn"	25706.3561149634	26123.2182825651	12533.8210660257	11030.0506864057
"Mst1r"	964.331668591877	1127.57404263567	491.195910259394	535.234615427373
"Mterfd3"	109.860569839581	114.526513000981	252.882640239476	213.893007666098
"Mtfr2"	176.997584741547	187.153082221115	395.454334530868	408.706357371371
"Mustn1"	18.3100949732635	17.6910873741352	72.8468510977915	73.3060542705407
"Mycl"	2.03445499702928	1.86221972359318	21.8540553293374	38.1593159216513
"Myo5b"	7.12059248960247	14.8977577887454	59.3181501796302	89.3731346586045
"Myo7a"	1018.24472601315	1103.36518622896	520.334650698511	500.087877078483
"Nacad"	149.532442281652	189.015301944708	39.5454334530868	38.1593159216513
"Nap1l2"	0	0	9.36602371257319	10.0419252425398
"Naprt1"	239.04846215094	207.63749918064	64.5214966866153	97.4066748526363
"Nav2"	272.616969601923	278.40184867718	869.99953596791	735.068927753915
"Nbeal2"	149.532442281652	126.630941204336	327.810829940062	287.199061936639
"Ncald"	3.05168249554391	4.65554930898295	109.270276646687	118.49471786197
"Ncam1"	2436.25985894256	2453.47448583401	1050.03532510959	942.93678027449
"Ncam2"	29.4995974569245	54.0043719842022	9.36602371257319	4.01677009701593
"Ncapd2"	4419.8534810461	4510.29617054268	9680.30584159509	9126.10166042019
"Ncoa1"	327.547254521714	279.332958538977	85.3348827145557	77.3228243675567
"Ndn"	1283.74110312547	1225.34057812431	401.69835033925	386.614121837783
"Ndrg2"	955.176621105245	978.596464748216	143.612363592789	154.645648735113
"Ndufaf3"	262.444694616777	304.472924807485	117.595631057863	124.519873007494
"Negr1"	27.4651424598952	36.313284610067	2.08133860279404	2.00838504850797
"Nek3"	53.9130574212758	71.6954593583374	156.100395209553	118.49471786197
"Neto1"	137.325712299476	142.459808854878	68.6841738922034	30.1257757276195
"Neto2"	1200.32844824727	1155.50733848957	226.865907704551	233.976858151178
"Neurl1b"	166.825309756401	182.497532912132	58.2774808782332	67.2808991250168
"Neurl3"	65.1025599049369	48.4177128134227	236.231931417124	255.064901160512
"Nf2"	3413.81548501513	3281.23115297118	1039.62863209562	843.521720373345
"Ngf"	374.339719453387	397.583910987144	168.588426826317	177.742076792955
"Nid2"	122.067299821757	111.733183415591	1984.55635776412	1902.9448334613
"Nmnat2"	301.099339560333	301.679595222095	124.880316167643	134.561798250034
"Nnmt"	972.469488579994	1037.2563860414	293.46874299396	359.500923682926
"Nog"	4.06890999405855	0	47.870787864263	48.2012411641912
"Nos1ap"	19.3273224717781	29.7955155774909	69.7248431936004	71.2976692220328
"Nov"	1187.10449076658	1161.09399766035	4244.89008039845	4474.68188807575
"Nox4"	134.274029803932	136.873149684099	0	0
"Nphp4"	0	0	33.3014176447047	27.1131981548575
"Npr1"	416.046046892487	410.619449052296	169.629096127714	157.658226307875
"Npr2"	76.2920623885979	62.3843607403715	145.693702195583	141.591145919812
"Npr3"	27.4651424598952	8.37998875616931	181.076458443082	166.695959026161
"Nr1h4"	66.1197874034515	48.4177128134227	178.995119840288	213.893007666098
"Nr3c2"	28.4823699584099	38.1755043336602	80.1315362075706	79.3312094160646
"Nrcam"	55.9475124183051	63.3154706021681	15.6100395209553	11.0461177667938
"Nrg2"	22.379004967322	20.484416959525	59.3181501796302	60.251551455239
"Nrk"	178.014812240062	146.184248302065	0	1.00419252425398
"Nrp2"	4013.97970913876	4131.33445679147	1831.57797045876	1542.43971725412
"Nt5e"	637.801641568678	668.536880769951	43.7081106586749	54.2263963097151
"Ntng2"	50.8613749257319	39.1066141954568	4.16267720558808	9.03773271828584
"Nuak1"	163.773627260857	175.979763879555	482.870555848218	457.911791059816
"Nxpe4"	115.963934830669	103.353194659421	20.8133860279404	11.0461177667938
"Oas2"	389.598131931106	391.997251816364	80.1315362075706	93.3899047556204
"Oas3"	1007.05522352949	986.045343642589	344.461538762414	344.438035819116
"Oasl1"	1590.94380767689	1581.95565519241	4302.12689197528	4496.77412360933
"Obscn"	26.4479149613806	36.313284610067	0	5.02096262126991
"Olr1"	2266.38286669061	2248.63031623876	730.549849580709	670.80060620166
"Opcml"	33.5685074509831	46.5554930898295	2.08133860279404	2.00838504850797
"Osgin1"	352.97794198458	351.028417897314	809.640716486882	842.517527849091
"Otud1"	49.8441474272173	38.1755043336602	149.856379401171	162.679188929145
"P2rx3"	394.68426942368	430.172756150024	108.22960734529	120.503102910478
"Pacrg"	62.0508774093929	66.1088001875579	3.12200790419106	3.01257757276195
"Pag1"	279.737562091526	271.884079644604	670.191030099682	565.360391154992
"Palm2"	178.014812240062	217.879707660402	606.710202714463	475.987256496388
"Panx1"	17.2928674747489	15.828867650542	247.679293732491	283.182291839623
"Pard3b"	243.117372144999	209.499718904233	118.63630035926	94.3940972798744
"Pard6g"	22.379004967322	21.4155268213216	104.066930139702	121.507295434732
"Parm1"	70.18869739751	64.2465804639647	585.896816686523	485.024989214674
"Pax3"	7.12059248960247	13.9666479269488	318.444806227488	301.257757276195
"Pcbp3"	36.620189946527	54.0043719842022	3.12200790419106	6.0251551455239
"Pcdh10"	4.06890999405855	0	34.3420869461017	38.1593159216513
"Pcdhb13"	1.01722749851464	3.72443944718636	19.7727167265434	23.0964280578416
"Pcdhb16"	264.479149613806	308.197364254671	119.676969660657	109.456985143684
"Pcdhb21"	104.774432347008	88.455436870676	29.1387404391166	32.1341607761274
"Pcdhb22"	482.165834295939	609.876959476766	148.815710099774	130.545028153018
"Pcdhga1"	104.774432347008	121.044282033557	11.4473623153672	11.0461177667938
"Pcdhga4"	10.1722749851464	15.828867650542	0	0
"Pcnxl2"	195.307679714811	215.086378075012	83.2535441117617	67.2808991250168
"Pcolce2"	508.613749257319	458.106052003922	170.669765429111	177.742076792955
"Pcp4l1"	51.8786024242466	46.5554930898295	6.24401580838213	9.03773271828584
"Pcsk9"	476.062469304851	471.141590069074	43.7081106586749	42.1760860186673
"Pctp"	228.876187165794	220.673037245792	59.3181501796302	77.3228243675567
"Pde10a"	85.4471098752296	80.0754481145067	33.3014176447047	26.1090056306035
"Pde9a"	14.2411849792049	10.2422084797625	50.992795768454	68.2850916492708
"Pdgfb"	13.2239574806903	8.37998875616931	60.3588194810272	46.1928561156832
"Pdgfc"	981.624536066626	1085.67409885482	526.578666506893	487.033374263182
"Pdgfrl"	157.670262269769	190.877521668301	69.7248431936004	56.234781358223
"Pdzd4"	36.620189946527	38.1755043336602	248.719963033888	242.01039834521
"Peg10"	245.151827142028	277.470738815384	602.547525508875	516.154957466547
"Peg12"	170.894219750459	164.806445537996	71.8061817963945	80.3354019403186
"Peg3"	8308.71420786757	8523.37967488598	2849.35254722504	2226.29482627108
"Peg3os"	1286.79278562102	1313.79601499499	478.70787864263	377.576389119497
"Peli2"	31.5340524539538	25.1399662685079	304.916105309327	258.077478733274
"Perp"	9.15504748663174	9.3110986179659	737.834534690488	713.980884744582
"Pgbd1"	25.430687462866	26.0710761303045	0	0
"Phactr1"	422.149411883575	510.248204264531	212.296537484992	174.729499220193
"Phactr2"	18.3100949732635	12.1044282033557	263.289333253446	252.05232358775
"Phex"	136.308484800962	127.562051066133	50.992795768454	40.1677009701593
"Phldb3"	114.946707332154	109.870963691998	218.540553293374	271.131981548575
"Phyhip"	21.3617774688074	18.6221972359318	75.9688590019825	52.2180112612071
"Pi15"	36.620189946527	38.1755043336602	5.20334650698511	6.0251551455239
"Piezo2"	104.774432347008	118.250952448167	38.5047641516898	48.2012411641912
"Piwil4"	91.5504748663174	101.490974935828	32.2607483433077	41.1718934944133
"Pkd1"	4948.81178027372	5130.41533849921	2397.70207041874	2225.29063374683
"Pklr"	10.1722749851464	13.9666479269488	0	0
"Pkn3"	138.342939797991	108.939853830201	309.078782514915	324.354185334036
"Pknox2"	901.26356368397	943.214289999945	306.997443912121	286.194869412385
"Pkp1"	39.6718724420709	30.7266254392875	247.679293732491	269.123596500067
"Pla2g16"	63.0681049079076	48.4177128134227	21.8540553293374	13.0545028153018
"Plac8"	758.85171389192	758.854537364221	26.0167325349255	39.1635084459053
"Plagl1"	27.4651424598952	23.2777465449147	68.6841738922034	77.3228243675567
"Plau"	3606.07148223439	3631.3284610067	829.413433213426	801.345634354678
"Plcb4"	194.290452216296	215.086378075012	428.755752175573	390.630891934799
"Plekha4"	142.411849792049	123.837611618946	39.5454334530868	28.1173906791115
"Plekha6"	155.63580727274	163.8753356762	604.628864111669	469.962101350864
"Plekha7"	74.2576073915686	52.142152260609	16.6507088223523	17.0712729123177
"Plod2"	2965.21815817017	3062.42033544898	1070.84871113753	1096.57823648535
"Plscr4"	918.556431158718	945.076509723539	370.47827129734	389.626699410545
"Plxdc1"	90.5332473678028	134.079820098709	19.7727167265434	19.0796579608257
"Plxna3"	489.286426785541	480.45268868704	198.767836566831	216.90558523886
"Plxnb3"	20.3445499702928	24.2088564067113	209.174529580801	227.951703005654
"Plxnd1"	1049.77877846711	1028.87639728523	479.748547944027	406.697972322863
"Pmepa1"	3435.17726248393	3404.13765472833	1489.19777029914	1596.66611356383
"Pnmal2"	43.7407824361295	25.1399662685079	1.04066930139702	3.01257757276195
"Pomgnt2"	198.359362210354	192.739741391894	79.0908669061736	91.3815197071124
"Popdc3"	28.4823699584099	42.8310536426431	389.210318722486	365.52607882845
"Porcn"	126.136209815815	100.559865074032	32.2607483433077	46.1928561156832
"Postn"	645.939461556795	751.405658469848	78.0501976047766	72.3018617462867
"Ppap2b"	221.755594676191	237.43301475813	513.049965588731	506.113032224007
"Ppapdc2"	547.268394200875	528.870401500463	194.605159361243	175.733691744447
"Ppef1"	108.843342341066	105.215414383015	30.1794097405136	29.1215832033655
"Ppfibp2"	7.12059248960247	2.79332958538977	131.124331976025	91.3815197071124
"Ppm1k"	112.912252335125	110.802073553794	229.987915608742	229.960088054162
"Ppm1l"	344.840121996462	280.264068400774	805.478039281294	679.838338919946
"Ppp1r3c"	0	1.86221972359318	16.6507088223523	30.1257757276195
"Prdm16"	418.080501889516	388.272812369178	196.686497964037	175.733691744447
"Prdm6"	3.05168249554391	2.79332958538977	14.5693702195583	31.1299682518735
"Prex2"	117.998389827698	137.804259545895	1103.10945948084	838.500757752076
"Prkaa2"	8.13781998811711	9.3110986179659	56.1961422754391	49.2054336884451
"Prkg1"	149.532442281652	120.11317217176	303.87543600793	300.253564751941
"Prkg2"	1667.23587006549	1641.54668634739	609.832210618654	568.372968727754
"Prl2c2"	912.453066167631	878.036599674184	183.157797045876	142.595338444066
"Proser2"	21.3617774688074	29.7955155774909	107.188938043893	96.4024823283823
"Prph"	37.6374174450416	23.2777465449147	91.5788985229378	83.3479795130806
"Prr24"	293.97874707073	244.881893652503	93.6602371257319	137.574375822796
"Prr7"	101.722749851464	81.9376678380999	251.841970938079	208.872045044828
"Prrg4"	138.342939797991	142.459808854878	326.770160638665	281.173906791115
"Prrt4"	12.2067299821757	7.44887889437272	39.5454334530868	40.1677009701593
"Prrx2"	17.2928674747489	26.0710761303045	170.669765429111	241.006205820956
"Prss12"	323.478344527655	320.301792458027	87.4162213173498	116.486332813462
"Prss57"	33.5685074509831	52.142152260609	213.337206786389	296.236794654925
"Prune2"	552.354531693449	542.837049427412	292.428073692563	223.934932908638
"Psd"	675.43905901372	702.056835794629	352.78689317359	304.270334848957
"Ptch2"	35.6029624480123	25.1399662685079	5.20334650698511	2.00838504850797
"Ptchd1"	90.5332473678028	64.2465804639647	26.0167325349255	26.1090056306035
"Ptger2"	111.89502483661	108.939853830201	6.24401580838213	7.02934766977788
"Ptger3"	27.4651424598952	27.9332958538977	0	0
"Ptgfrn"	3043.5446755558	3012.14040291197	1546.43458187597	1385.7856834705
"Ptgs2"	7426.77796665537	7733.79851208248	3394.66326115708	3055.75785130487
"Ptk7"	4038.39316910311	3920.90362802544	1536.027888862	1464.11270036231
"Ptpn18"	5.08613749257319	1.86221972359318	30.1794097405136	26.1090056306035
"Ptpn6"	34.5857349494977	52.142152260609	191.483151457052	163.683381453399
"Ptpre"	129.187892311359	148.046468025658	67.6435045908064	69.2892841735248
"Ptprg"	982.641763565141	1035.39416631781	2849.35254722504	2609.8963705361
"Ptprq"	44.7580099346441	68.9021297729476	599.425517604684	510.129802321023
"Ptx3"	345.857349494977	336.130660108569	1122.88217620739	1259.25742541449
"Pycr1"	455.717919334558	424.586096979245	144.653032894186	135.565990774288
"Pyhin1"	29.4995974569245	30.7266254392875	5.20334650698511	2.00838504850797
"Rab15"	256.341329625689	293.299606465926	72.8468510977915	51.2138187369531
"Rab26os"	154.618579774225	186.221972359318	37.4640948502928	71.2976692220328
"Rab30"	113.929479833639	101.490974935828	226.865907704551	254.060708636258
"Rab3il1"	85.4471098752296	78.2132283909135	174.8324426347	189.792387084003
"Radil"	6.10336499108783	1.86221972359318	168.588426826317	135.565990774288
"Ralgds"	65.1025599049369	62.3843607403715	132.165001277422	130.545028153018
"Ralgps2"	51.8786024242466	44.6932733662363	242.475947225506	228.955895529908
"Ramp3"	12.2067299821757	14.8977577887454	54.1148036726451	46.1928561156832
"Rap1gap"	191.238769720752	171.324214570573	59.3181501796302	57.238973882477
"Rasgrp3"	56.9647399168197	56.797701569592	192.523820758449	192.804964656765
"Rasip1"	109.860569839581	95.9043157650488	28.0980711377196	19.0796579608257
"Rasl10b"	94.6021573618614	95.9043157650488	228.947246307345	279.165521742607
"Rasl11a"	27.4651424598952	27.0021859921011	98.863583632717	116.486332813462
"Rasl11b"	20.3445499702928	19.5533070977284	78.0501976047766	59.247358930985
"Rassf3"	24.4134599643513	32.5888451628806	105.107599441099	128.53664310451
"Rassf7"	207.514409696986	135.010929960506	380.88496431131	383.601544265021
"Rassf9"	60.0164224123637	60.5221410167783	12.4880316167643	18.0754654365717
"Reep1"	4.06890999405855	3.72443944718636	29.1387404391166	32.1341607761274
"Reep5"	5511.33858695231	5675.11460765021	2522.58238658638	2531.56935364429
"Reps2"	9.15504748663174	11.1733183415591	58.2774808782332	81.3395944645726
"Rftn1"	306.185477052906	345.441758726535	145.693702195583	107.448600095176
"Rftn2"	392.64981442665	364.063955962467	100.944922235511	107.448600095176
"Rhobtb1"	28.4823699584099	31.6577353010841	132.165001277422	131.549220677272
"Ripk4"	1.01722749851464	0	14.5693702195583	26.1090056306035
"Rnf130"	0	0	34.3420869461017	41.1718934944133
"Rnf144b"	30.5168249554392	38.1755043336602	94.7009064271289	97.4066748526363
"Rnf39"	25.430687462866	13.0355380651523	94.7009064271289	82.3437869888266
"Rnft2"	137.325712299476	141.528698993082	66.6028352894093	45.1886635914292
"Robo2"	95.619384860376	94.9732059032522	34.3420869461017	29.1215832033655
"Ror1"	46.7924649316734	43.7621635044397	220.621891896168	190.796579608257
"Ror2"	0	0	15.6100395209553	17.0712729123177
"Rora"	26.4479149613806	17.6910873741352	85.3348827145557	84.3521720373345
"Rph3al"	31.5340524539538	20.484416959525	113.432953852275	112.469562716446
"Rpia"	372.305264456358	303.541814945688	885.609575488865	884.693613867759
"Rps6ka1"	269.565287106379	246.744113376096	633.767604550786	581.427471543056
"Rragd"	16.2756399762342	16.7599775123386	122.798977564848	82.3437869888266
"Rsad2"	308.219932049935	350.097308035518	3151.14664463018	2925.21282315185
"Rspo1"	71.2059248960247	59.5910311549817	6.24401580838213	6.0251551455239
"Rtn1"	2.03445499702928	4.65554930898295	54.1148036726451	43.1802785429213
"Rtn2"	116.981162329183	108.008743968404	33.3014176447047	51.2138187369531
"Runx1t1"	294.995974569245	296.092936051316	68.6841738922034	66.2767066007629
"S100a7a"	23.3962324658367	39.1066141954568	109.270276646687	101.423444949652
"S1pr5"	3.05168249554391	4.65554930898295	56.1961422754391	46.1928561156832
"Saa3"	486.234744289997	539.112609980225	50.992795768454	64.2683215522549
"Samd10"	15.2584124777196	11.1733183415591	69.7248431936004	80.3354019403186
"Samd5"	94.6021573618614	70.7643494965408	310.119451816312	279.165521742607
"Sash1"	113.929479833639	114.526513000981	308.038113213518	276.152944169845
"Saysd1"	238.031234652425	256.055211994062	106.148268742496	107.448600095176
"Scara5"	4.06890999405855	9.3110986179659	69.7248431936004	65.2725140765089
"Scel"	140.37739479502	161.08200609081	369.437601995942	352.471576013148
"Scg2"	1.01722749851464	0.93110986179659	16.6507088223523	18.0754654365717
"Scn3a"	12.2067299821757	10.2422084797625	47.870787864263	37.1551233973974
"Sdc1"	5341.46159470037	5174.17750200365	1724.38903241486	1691.06021084371
"Sdc3"	206.497182198472	214.155268213216	62.4401580838213	72.3018617462867
"Selp"	45.7752374331587	46.5554930898295	192.523820758449	190.796579608257
"Sema3c"	3630.48494219874	3755.16607262565	8094.32582626603	7095.62437637864
"Sema4a"	152.584124777196	136.873149684099	37.4640948502928	35.1467383488894
"Sema4d"	12.2067299821757	12.1044282033557	185.23913564867	135.565990774288
"Sema6a"	10.1722749851464	3.72443944718636	448.528468902116	358.496731158672
"Sepw1"	2751.6003834821	2614.55649192482	1120.80083760459	1385.7856834705
"Serinc2"	76.2920623885979	62.3843607403715	12.4880316167643	11.0461177667938
"Serpina3m"	12.2067299821757	14.8977577887454	0	0
"Serpina3n"	66.1197874034515	60.5221410167783	6.24401580838213	9.03773271828584
"Serpinb1a"	408.925454402885	366.857285547856	169.629096127714	204.855274947812
"Serpinb2"	101.722749851464	88.455436870676	30.1794097405136	19.0796579608257
"Serpinf1"	3890.89518181849	3984.21909862761	1411.14757269436	1352.64733017011
"Serpini1"	399.770406916253	410.619449052296	169.629096127714	167.700151550415
"Sez6l"	77.3092898871125	77.282118529117	9.36602371257319	7.02934766977788
"Sfrp1"	0	0	10.4066930139702	11.0461177667938
"Sfrp2"	17.2928674747489	14.8977577887454	998.001860039743	996.158984059951
"Sfrp4"	72.2231523945393	80.0754481145067	184.198466347273	175.733691744447
"Sgcd"	2.03445499702928	0.93110986179659	20.8133860279404	17.0712729123177
"Sh2d4a"	660.180646536	649.91468353402	1300.83662674628	1337.5844423063
"Sh3rf2"	188.187087225208	169.461994846979	608.791541317257	547.284925718421
"Sh3tc2"	637.801641568678	716.023483721578	1554.75993628715	1482.18816579888
"Shc2"	50.8613749257319	50.2799325370158	16.6507088223523	15.0628878638097
"Shroom3"	129.187892311359	119.182062309963	999.04252934114	884.693613867759
"Sirpa"	3.05168249554391	10.2422084797625	91.5788985229378	83.3479795130806
"Slc14a1"	29.4995974569245	46.5554930898295	4.16267720558808	7.02934766977788
"Slc16a2"	183.100949732635	213.224158351419	27.0574018363225	18.0754654365717
"Slc16a3"	4299.82063622138	4293.34757274408	719.102487265342	876.660073673727
"Slc16a4"	165.808082257886	132.217600375116	68.6841738922034	72.3018617462867
"Slc16a5"	104.774432347008	98.6976453504385	36.4234255488957	28.1173906791115
"Slc16a6"	102.739977349978	93.110986179659	272.655356966019	220.922355335876
"Slc17a6"	20.3445499702928	30.7266254392875	0	3.01257757276195
"Slc18b1"	138.342939797991	127.562051066133	43.7081106586749	67.2808991250168
"Slc22a14"	6.10336499108783	0.93110986179659	41.6267720558808	42.1760860186673
"Slc24a2"	53.9130574212758	62.3843607403715	3.12200790419106	3.01257757276195
"Slc24a3"	250.237964634601	243.950783790707	1103.10945948084	1104.61177667938
"Slc25a48"	0	0	17.6913781237494	21.0880430093336
"Slc26a10"	61.0336499108783	68.9021297729476	5.20334650698511	8.03354019403186
"Slc29a1"	3197.14602783151	3463.72868588331	1487.11643169634	1689.0518257952
"Slc38a4"	21.3617774688074	18.6221972359318	762.810597924016	653.729333289343
"Slc40a1"	155.63580727274	194.601961115487	64.5214966866153	72.3018617462867
"Slc5a7"	473.010786809307	432.966085735414	20.8133860279404	21.0880430093336
"Slc7a3"	25.430687462866	29.7955155774909	2.08133860279404	2.00838504850797
"Slc8a1"	756.817258894891	783.063393770932	393.372995928074	371.551233973974
"Slc9b2"	114.946707332154	115.457622862777	41.6267720558808	61.2557439794929
"Slco2a1"	745.62775641123	772.82118529117	1814.9272616364	1682.02247812542
"Slco4a1"	216.669457183618	233.708575310944	21.8540553293374	16.0670803880637
"Slfn2"	275.668652097467	258.848541579452	46.8301185628659	42.1760860186673
"Slfn8"	141.394622293535	167.599775123386	20.8133860279404	19.0796579608257
"Slit2"	4696.53936064208	4815.70020521196	924.114339640555	847.538490470361
"Slit3"	1344.77475303635	1328.69377278373	657.702998482917	608.540669697913
"Slitrk2"	31.5340524539538	25.1399662685079	3.12200790419106	0
"Slitrk6"	20.3445499702928	35.3821747482704	0	0
"Smad6"	249.220737136086	189.946411806504	461.01650051888	484.02079669042
"Smad9"	33.5685074509831	31.6577353010841	133.205670578819	113.4737552407
"Smarca1"	210.56609219253	231.846355587351	541.148036726451	464.941138729594
"Smc4"	2770.92770595387	2840.8161883414	6051.49198762368	5713.85546300516
"Smtnl2"	14.2411849792049	14.8977577887454	67.6435045908064	41.1718934944133
"Smyd1"	69.1714698989954	80.0754481145067	261.207994650652	296.236794654925
"Sncaip"	13.2239574806903	7.44887889437272	71.8061817963945	66.2767066007629
"Sned1"	1.01722749851464	0.93110986179659	18.7320474251464	18.0754654365717
"Snhg18"	861.591691241899	907.832115251675	401.69835033925	355.48415358591
"Snhg4"	1107.76074588244	1046.56748465937	268.492679760431	336.404495625084
"Sntg1"	14.2411849792049	21.4155268213216	0	1.00419252425398
"Snx24"	927.71147864535	903.176565942692	348.624215968002	403.685394750101
"Sod3"	2640.722586144	2508.40996768001	1101.02812087805	1192.98071881373
"Soga2"	72.2231523945393	76.3510086673204	326.770160638665	308.287104945973
"Soga3"	98.6710673559199	124.768721480743	312.200790419106	250.043938539242
"Sorbs1"	57.9819674153344	53.0732621224056	155.059725908156	142.595338444066
"Sorbs2"	4.06890999405855	1.86221972359318	53.0741343712481	58.243166406731
"Sorcs1"	57.9819674153344	41.8999437808465	15.6100395209553	7.02934766977788
"Sorl1"	3.05168249554391	4.65554930898295	72.8468510977915	75.3144393190487
"Sowahd"	16.2756399762342	26.0710761303045	55.1554729740421	77.3228243675567
"Sox11"	1.01722749851464	0	62.4401580838213	53.2222037854611
"Sox6"	14.2411849792049	17.6910873741352	157.14106451095	120.503102910478
"Sp100"	294.995974569245	296.092936051316	33.3014176447047	38.1593159216513
"Sp110"	49.8441474272173	29.7955155774909	2.08133860279404	11.0461177667938
"Sp140"	63.0681049079076	78.2132283909135	12.4880316167643	34.1425458246354
"Spdef"	25.430687462866	13.0355380651523	0	0
"Spef2"	20.3445499702928	21.4155268213216	0	2.00838504850797
"Speg"	1261.36209815815	1101.50296650537	544.270044630642	572.38973882477
"Spib"	30.5168249554392	27.9332958538977	2.08133860279404	4.01677009701593
"Spink10"	71.2059248960247	61.4532508785749	10.4066930139702	16.0670803880637
"Spn"	126.136209815815	98.6976453504385	20.8133860279404	18.0754654365717
"Spock2"	1.01722749851464	0	22.8947246307345	33.1383533003814
"Spon2"	6389.20591817044	6335.271499664	1445.48965964046	1649.88831734929
"Spp1"	18442.3345480704	19363.3606859219	2338.38392023911	2518.51485082899
"Sprr2e"	22.379004967322	9.3110986179659	0	0
"Spry3"	268.548059607865	286.78183743335	125.92098546904	114.477947764954
"Spry4"	522.854934236524	521.42152260609	169.629096127714	186.779809511241
"Srgap1"	98.6710673559199	105.215414383015	679.557053812255	575.402316397532
"Srgap3"	129.187892311359	106.146524244811	469.341854930057	417.744090089657
"Ssc5d"	343.822894497948	367.788395409653	138.409017085804	141.591145919812
"Ssh3"	676.456286512234	662.950221599172	183.157797045876	237.993628248194
"St3gal1"	1989.69698709463	2041.92392691992	622.320242235419	556.322658436706
"St8sia1"	1665.20141506846	1768.17762755172	634.808273852183	588.456819212834
"Stac2"	226.841732168764	213.224158351419	37.4640948502928	35.1467383488894
"Stard10"	183.100949732635	146.184248302065	348.624215968002	401.677009701593
"Stat1"	4092.30622652439	4115.50558914093	1906.50616015934	1939.09576433444
"Stat5b"	352.97794198458	338.923989693959	817.966070898059	742.098275423693
"Stc1"	486.234744289997	447.86384352416	5.20334650698511	3.01257757276195
"Stc2"	603.21590661918	569.839235419513	55.1554729740421	94.3940972798744
"Steap4"	114.946707332154	112.664293277387	18.7320474251464	23.0964280578416
"Stmn4"	156.653034771254	162.013115952607	46.8301185628659	65.2725140765089
"Ston2"	72.2231523945393	98.6976453504385	288.265396486975	312.303875042989
"Stox2"	26.4479149613806	27.0021859921011	161.303741716538	160.670803880637
"Stx11"	312.288842043994	342.648429141145	683.719731017843	632.641290280009
"Sulf2"	24.4134599643513	30.7266254392875	117.595631057863	109.456985143684
"Sult2b1"	4.06890999405855	10.2422084797625	43.7081106586749	39.1635084459053
"Supv3l1"	642.887779061251	613.601398923953	1234.23379145687	1289.38320114211
"Susd2"	6.10336499108783	11.1733183415591	36.4234255488957	36.1509308731434
"Sv2a"	1283.74110312547	1322.17600375116	420.430397764397	447.869865817276
"Sv2c"	0	0	46.8301185628659	29.1215832033655
"Svip"	12.2067299821757	26.0710761303045	2.08133860279404	0
"Syk"	15.2584124777196	4.65554930898295	73.8875203991885	67.2808991250168
"Syn1"	632.715504076105	604.290300305987	207.093190978007	155.649841259367
"Syngr3"	126.136209815815	142.459808854878	50.992795768454	50.2096262126991
"Synpo"	2274.52068667873	2192.76372453097	795.071346267324	799.33724930617
"Synpr"	13.2239574806903	18.6221972359318	0	0
"Sytl5"	117.998389827698	135.942039822302	2.08133860279404	2.00838504850797
"Taf9b"	115.963934830669	98.6976453504385	19.7727167265434	27.1131981548575
"Tagln"	4401.54338607284	4293.34757274408	1149.93957804371	1179.92621599843
"Tbc1d9"	441.476734355353	443.208294215177	1521.45851864244	1492.23009104142
"Tbcel"	348.909031990521	361.270626377077	822.128748103647	785.278553966614
"Tbkbp1"	185.135404729664	158.28867650542	629.604927345198	508.121417272515
"Tbx3"	56.9647399168197	52.142152260609	1.04066930139702	0
"Tbxa2r"	23.3962324658367	22.3466366831182	3.12200790419106	3.01257757276195
"Tcea3"	79.3437448841418	101.490974935828	38.5047641516898	23.0964280578416
"Tceal1"	101.722749851464	90.3176565942692	42.6674413572779	44.1844710671752
"Tceal5"	0	1.86221972359318	31.2200790419106	45.1886635914292
"Tcf7"	13.2239574806903	14.8977577887454	47.870787864263	48.2012411641912
"Tcf7l1"	87.4815648722589	67.0399100493545	251.841970938079	222.930740384384
"Tcp11l1"	12.2067299821757	10.2422084797625	98.863583632717	88.3689421343505
"Tcta"	475.045241806336	532.594840947649	245.597955129697	251.048131063496
"Tdrp"	33.5685074509831	31.6577353010841	198.767836566831	220.922355335876
"Tead3"	1028.4170009983	972.07869571564	257.045317445064	254.060708636258
"Tenm4"	227.858959667279	263.504090888435	108.22960734529	93.3899047556204
"Tesc"	47.809692430188	41.8999437808465	1.04066930139702	3.01257757276195
"Tfap2a"	0	0.93110986179659	57.2368115768362	29.1215832033655
"Tfpi2"	128.170664812844	108.939853830201	12.4880316167643	2.00838504850797
"Tgfa"	3.05168249554391	12.1044282033557	48.91145716566	32.1341607761274
"Tgtp1"	465.890194319704	560.528136801547	122.798977564848	121.507295434732
"Tgtp2"	110.877797338096	116.388732724574	20.8133860279404	18.0754654365717
"Thbd"	622.543229090959	594.048091826224	1262.33186259459	1276.32869832681
"Thrb"	220.738367177677	195.533070977284	37.4640948502928	22.0922355335876
"Thsd4"	191.238769720752	225.328586554775	458.935161916086	390.630891934799
"Thsd7b"	95.619384860376	78.2132283909135	3.12200790419106	1.00419252425398
"Thy1"	259.393012121233	272.815189506401	5.20334650698511	6.0251551455239
"Tigit"	56.9647399168197	64.2465804639647	138.409017085804	112.469562716446
"Timp1"	2394.55353150346	2405.98788288239	919.951662434967	1006.20090930249
"Timp2"	54122.6062859699	52690.5759692072	23734.5447569619	23228.9814710431
"Tinf2"	593.043631634034	594.048091826224	1222.7864291415	1196.99748891075
"Tjp2"	1291.87892311359	1284.93160927929	2872.24727185578	2652.07245655477
"Tlr1"	104.774432347008	133.148710236912	68.6841738922034	49.2054336884451
"Tlr7"	32.5512799524684	32.5888451628806	7.28468510977915	5.02096262126991
"Tmcc2"	292.961519572216	279.332958538977	137.368347784407	129.540835628764
"Tmcc3"	29.4995974569245	38.1755043336602	166.507088223523	175.733691744447
"Tmeff2"	328.564482020228	306.335144531078	94.7009064271289	71.2976692220328
"Tmem130"	27.4651424598952	29.7955155774909	94.7009064271289	81.3395944645726
"Tmem144"	481.148606797424	481.383798548837	1061.48268742496	953.982898041284
"Tmem171"	43.7407824361295	27.0021859921011	184.198466347273	188.788194559749
"Tmem2"	1713.01110749865	1662.03110330691	3795.32094219494	3360.02818615383
"Tmem200a"	65.1025599049369	60.5221410167783	18.7320474251464	17.0712729123177
"Tmem45a"	2108.71260442085	2179.72818646582	853.348827145557	860.592993285663
"Tmem71"	120.032844824727	135.942039822302	71.8061817963945	34.1425458246354
"Tnc"	4058.73771907341	3933.0080562288	1568.28863720531	1393.81922366453
"Tnfaip2"	768.006761378552	699.263506209239	259.126656047858	267.115211451559
"Tnfrsf10b"	397.735951919224	409.6883391905	875.202882474895	1012.22606444801
"Tnfrsf21"	90.5332473678028	95.9043157650488	602.547525508875	564.356198630738
"Tnfrsf23"	1759.80357243032	1816.59534036515	801.315362075706	697.913804356518
"Tnfrsf4"	53.9130574212758	55.8665917077954	15.6100395209553	5.02096262126991
"Tnfrsf9"	48.8269199287026	43.7621635044397	4.16267720558808	8.03354019403186
"Tnfsf11"	32.5512799524684	40.0377240572534	1.04066930139702	4.01677009701593
"Tnfsf13"	97.6538398574053	115.457622862777	46.8301185628659	46.1928561156832
"Tnfsf13b"	309.23715954845	297.955155774909	42.6674413572779	63.2641290280009
"Tnfsf15"	41.7063274391002	54.9354818459988	116.554961756466	132.553413201526
"Tnip3"	104.774432347008	104.284304521218	41.6267720558808	35.1467383488894
"Tor3a"	1275.60328313736	1265.37830218157	535.944690219466	556.322658436706
"Tpcn1"	5910.09176637005	5783.12335161862	2672.43876598755	2514.49808073197
"Tph2"	70.18869739751	60.5221410167783	22.8947246307345	25.1048131063496
"Trabd2b"	129.187892311359	106.146524244811	47.870787864263	45.1886635914292
"Tram1l1"	248.203509637572	224.397476692978	116.554961756466	117.490525337716
"Trdmt1"	94.6021573618614	99.6287552122351	192.523820758449	208.872045044828
"Trf"	4156.39155893081	4393.90743781811	107.188938043893	97.4066748526363
"Trib2"	482.165834295939	500.005995784769	86.3755520159527	90.3773271828584
"Tril"	1.01722749851464	2.79332958538977	22.8947246307345	17.0712729123177
"Trim30a"	750.713893903803	886.416588430353	276.818034171608	182.763039414225
"Trim30d"	424.183866880604	459.968271727515	135.287009181613	104.436022522414
"Trim6"	40.6890999405855	59.5910311549817	115.514292455069	113.4737552407
"Trim68"	9.15504748663174	9.3110986179659	44.7487799600719	46.1928561156832
"Try5"	101.722749851464	89.3865467324726	1.04066930139702	1.00419252425398
"Tshz3"	2.03445499702928	2.79332958538977	23.9353939321315	21.0880430093336
"Tspan13"	25.430687462866	38.1755043336602	86.3755520159527	105.440215046668
"Tspan15"	101.722749851464	121.044282033557	579.652800878141	646.699985619565
"Tspan17"	17.2928674747489	22.3466366831182	237.272600718521	272.136174072829
"Tspan2"	109.860569839581	118.250952448167	42.6674413572779	19.0796579608257
"Tspan8"	249.220737136086	306.335144531078	705.57378634718	833.479795130806
"Tspyl3"	13.2239574806903	13.9666479269488	59.3181501796302	77.3228243675567
"Ttc38"	73.240379893054	100.559865074032	194.605159361243	179.750461841463
"Ttc39a"	37.6374174450416	40.9688339190499	85.3348827145557	99.4150599011443
"Ttc9"	312.288842043994	296.092936051316	111.351615249481	105.440215046668
"Ttpa"	29.4995974569245	24.2088564067113	71.8061817963945	73.3060542705407
"Tubb4b"	3793.24134196109	3520.52638745291	7545.8931044298	7784.50044801687
"Tulp4"	8713.57075227639	9042.00786790668	4690.29654139637	4008.7365568219
"Tyw3"	138.342939797991	157.357566643624	67.6435045908064	78.3270168918106
"Ubxn2b"	464.87296682119	475.797139378057	222.703230498963	217.909777763114
"Ucp2"	170.894219750459	216.017487936809	40.5861027544838	22.0922355335876
"Ugt8a"	7.12059248960247	13.0355380651523	0	0
"Usp11"	132.239574806903	133.148710236912	291.387404391166	294.228409606417
"Usp29"	93.5849298633467	79.1443382527101	22.8947246307345	14.0586953395558
"Vangl2"	183.100949732635	162.944225814403	64.5214966866153	68.2850916492708
"Vash1"	7.12059248960247	11.1733183415591	70.7655124949974	45.1886635914292
"Vax2"	2.03445499702928	0.93110986179659	41.6267720558808	40.1677009701593
"Vgf"	50.8613749257319	39.1066141954568	95.7415757285259	96.4024823283823
"Vnn1"	310.254387046965	316.577353010841	709.736463552768	695.90541930801
"Wipf1"	516.751569245436	419.930547670262	64.5214966866153	74.3102467947947
"Wls"	3404.66043752849	3593.15295667304	7328.39322043782	7594.70806093287
"Wnt11"	105.791659845522	123.837611618946	340.298861556826	372.555426498228
"Wnt2"	27.4651424598952	22.3466366831182	0	1.00419252425398
"Wnt4"	25.430687462866	26.0710761303045	175.873111936097	194.813349705273
"Wnt7a"	72.2231523945393	57.7288114313886	429.79642147697	484.02079669042
"Wwc1"	2437.27708644107	2243.04365706798	4986.88729229452	4665.478467684
"Zadh2"	2487.12123386829	2451.61226611042	1104.15012878224	1064.44407570922
"Zbp1"	246.169054640542	217.879707660402	96.782245029923	108.45279261943
"Zbtb10"	375.356946951902	450.657173109549	961.578434490847	845.530105421853
"Zbtb8a"	75.2748348900832	71.6954593583374	190.442482155655	219.918162811622
"Zcchc11"	760.886168888949	744.887889437272	1856.55403369229	1637.83800705825
"Zcchc5"	0	0	18.7320474251464	10.0419252425398
"Zdhhc1"	331.616164515772	279.332958538977	121.758308263451	126.528258056002
"Zdhhc15"	286.858154581128	283.98850784796	49.952126467057	56.234781358223
"Zfhx2"	183.100949732635	190.877521668301	419.389728462999	343.433843294862
"Zfhx4"	180.049267237091	243.950783790707	79.0908669061736	76.3186318433027
"Zfp422"	10.1722749851464	5.58665917077954	241.435277924109	245.022975917972
"Zfp521"	525.906616732068	500.937105646565	1362.2361155287	1213.06456929881
"Zfp599"	8.13781998811711	14.8977577887454	44.7487799600719	51.2138187369531
"Zfp629"	40.6890999405855	49.3488226752193	0	3.01257757276195
"Zfp775"	0	1.86221972359318	23.9353939321315	27.1131981548575
"Zfp791"	21.3617774688074	28.8644057156943	67.6435045908064	66.2767066007629
"Zfp937"	131.222347308388	171.324214570573	55.1554729740421	61.2557439794929
"Zfp941"	31.5340524539538	27.0021859921011	80.1315362075706	78.3270168918106
"Zic5"	0	0	24.9760632335285	25.1048131063496
"Zmat4"	0	0	15.6100395209553	15.0628878638097
"Znf41-ps"	111.89502483661	98.6976453504385	28.0980711377196	31.1299682518735
