""	"TR_AG_1"	"TR_AG_3"	"TR_SH_1"	"TR_SH_3"	"baseMean"	"log2FoldChange"	"lfcSE"	"stat"	"pvalue"	"padj"
"1810011O10Rik"	500.475929269202	540.043719842022	143.612363592789	152.637263686605	334.192319097655	-1.81246337502492	0.182353611724795	-9.9392787336741	2.80853254594916e-23	0.00206135999420581
"A230050P20Rik"	191.238769720752	193.670851253691	22.8947246307345	20.0838504850797	106.972049022564	-3.16388737709985	0.349303532990877	-9.05770219387529	1.33227417720946e-19	0.0067523831505613
"Abca13"	386.546449435563	465.554930898295	8.32535441117617	8.03354019403186	217.115068734766	-5.70391190600764	0.414595529454242	-13.7577747485991	4.57389563580962e-43	2.00674843012624e-06
"Abcc3"	98.6710673559199	108.008743968404	528.660005109687	517.159149990801	313.124741606203	2.33786717809652	0.192644604868402	12.1356483338506	6.83663611569323e-34	5.06524283762059e-05
"Acsbg1"	877.867331218133	883.623258844964	282.021380678593	229.960088054162	568.368014698963	-1.78350161938269	0.150937886787608	-11.816129517517	3.22189407925945e-32	9.47310469661475e-05
"Adamts5"	2185.00466680944	2175.07263715683	4965.03323696519	4312.0026991466	3409.27831001952	1.08922077305897	0.0900007097571934	12.1023575924845	1.02620969768666e-33	5.40542471610059e-05
"Adamts7"	467.924649316734	470.210480207278	66.6028352894093	74.3102467947947	269.762052902054	-2.73429117049587	0.21483535562038	-12.7273798234935	4.1658572143057e-37	1.67124894338888e-05
"Adcy3"	755.800031396376	825.894447413575	134.246339880216	142.595338444066	464.634039283558	-2.51432702985396	0.166977328213028	-15.0578947259607	3.06389336413744e-51	1.10486720558293e-07
"Adcy7"	5313.99645224047	5195.59302882497	1336.21938299378	1378.75633580072	3306.14129996498	-1.95256259449708	0.0817252621124312	-23.8917874843999	3.72809253647481e-126	1.03494274082638e-13
"Adcyap1r1"	441.476734355353	404.10168001972	93.6602371257319	88.3689421343505	256.901898408789	-2.21570963366957	0.210908202026296	-10.5055640908328	8.14344678064216e-26	0.000866562440440813
"AI607873"	287.875382079643	324.026231905213	54.1148036726451	60.251551455239	181.566992278185	-2.41950118357477	0.252980106113544	-9.56399782079636	1.13293760871989e-21	0.00348191240147866
"Aif1l"	468.941876815248	478.590468963447	1717.10434730508	1685.03505569818	1087.41793719549	1.84396928427696	0.111790272410009	16.4948992834895	3.9922490446418e-61	3.11378392699642e-09
"Aim1"	945.004346120099	896.658796910116	3891.06251792346	3424.29650770608	2289.25554216494	1.99016394256414	0.0982261567328413	20.2610384928025	2.83910997626285e-91	1.03494274082638e-13
"Akap12"	1745.56238745112	1765.38429796633	6310.61864367154	5262.97301961512	3771.13458717603	1.72076341164358	0.0956993144732959	17.9809377017403	2.74805513426276e-72	5.75091807508699e-11
"Akap5"	78.3265173856272	56.797701569592	775.298629540781	680.8425314442	397.81634498505	3.43520752204185	0.2030386054334	16.9189869813633	3.25989326138979e-64	1.00513827160465e-09
"Akr1c18"	212.600547189559	193.670851253691	7.28468510977915	4.01677009701593	104.393213412511	-5.17376117414283	0.51618519838216	-10.0230715455588	1.20692634000682e-23	0.00184082659034405
"Akt3"	1046.72709597156	1120.1251637413	181.076458443082	207.867852520574	638.949142669129	-2.4774618377757	0.147345202802002	-16.8139972707821	1.92725988257918e-63	1.31473678727526e-09
"Alcam"	2275.53791417725	2178.79707660402	289.306065788372	246.027168442226	1247.41705625297	-3.05749824631137	0.121071629328719	-25.2536309560188	1.03319047837993e-140	1.03494274082638e-13
"Als2cl"	74.2576073915686	72.626569220134	413.145712654617	408.706357371371	242.184061659423	2.48451226412693	0.218255690916103	11.3834936156692	5.05339406166876e-30	0.000203568141570689
"Amot"	405.873771907341	411.550558914093	1015.69323816349	876.660073673727	677.444410664663	1.21067195905452	0.137172958867484	8.82587916051368	1.08603242912024e-18	0.00915924172221829
"Amotl2"	4965.08742024995	4799.87133756142	11253.7978253074	10888.4595404859	7976.80403090117	1.18118878629589	0.0700294416713577	16.8670313243266	7.86510770073033e-64	1.14783466461813e-09
"Angptl2"	801.575268829535	785.856723356322	100.944922235511	93.3899047556204	445.441704794247	-3.03053908465379	0.176778989084682	-17.1430954569045	7.07801963100371e-66	5.31512093597068e-10
"Angptl4"	2143.29833937034	2101.5149580749	957.415757285259	913.815197071124	1529.01106295041	-1.18177884999928	0.0983857283695821	-12.0116898007806	3.08476568314966e-33	6.4377261189222e-05
"Ank3"	281.772017088555	281.19517826257	743.037881197473	743.102467947947	512.276886124136	1.40046774637945	0.146525095204089	9.55786955421387	1.2020561153588e-21	0.00348827917206647
"Ano1"	92.5677023648321	94.0420960414556	953.253080079671	930.886469983442	517.68733711735	3.33548928344341	0.169771799453269	19.6468983316722	6.1455364392488e-86	3.00780234052667e-13
"Antxr2"	4400.52615857433	4447.91180980231	2232.23565149661	2027.46470646879	3277.03458158551	-1.05486118835556	0.0843206770122395	-12.5101128896586	6.57307477047854e-36	2.51326392312551e-05
"Apobec3"	157.670262269769	138.735369407692	535.944690219466	560.339428533722	348.172437607662	1.88855425462464	0.17997794279547	10.493253924848	9.27771318015488e-26	0.000877750285639008
"Apobr"	640.853324064222	621.981387680122	218.540553293374	234.981050675432	429.089078928288	-1.47698195896631	0.160092785416958	-9.22578712788053	2.81485779797171e-20	0.00541696813249373
"Appbp2"	568.630171669683	610.808069338563	1786.82919049869	1619.76254162167	1146.50749328215	1.5295367682602	0.113668249519824	13.4561478224704	2.83305525634583e-41	3.80602474213475e-06
"Arnt2"	281.772017088555	318.439572734434	1069.80804183614	964.024823283823	658.511113735737	1.75931559721763	0.141033274864409	12.4744717082479	1.02886298884367e-35	2.66332618724962e-05
"Asap2"	1597.04717266798	1588.47342422498	608.791541317257	583.435856591564	1094.43699870045	-1.41799683038849	0.110182793031414	-12.86949433188	6.68382901021405e-38	1.24203778043213e-05
"Atf5"	4220.47689133723	3920.90362802544	1948.13293221522	2100.77076073933	3047.57105307931	-1.00744995762854	0.0867253929396689	-11.6165510870545	3.39569381112074e-31	0.000135520138309498
"Atg16l2"	60.0164224123637	84.7309974234897	351.746223872193	368.538656401212	216.258075027315	2.31059267721058	0.237087276545001	9.74574726607911	1.92358366637217e-22	0.00273664090690688
"Atoh8"	206.497182198472	218.810817522199	1063.56402602776	889.714576489029	594.646650559364	2.1984256027648	0.153902433564419	14.2845408733878	2.73204082621673e-46	6.46667028983906e-07
"B230206H07Rik"	39.6718724420709	64.2465804639647	316.363467624694	310.295489994481	182.644352631303	2.58548433608894	0.266459216841838	9.70311467072876	2.92432469085999e-22	0.00287746815281767
"B3gnt3"	200.393817207384	174.117544155962	790.908669061736	832.475602606552	499.473908257908	2.11768403390181	0.157535816286105	13.442556009332	3.40469894036232e-41	3.89461391619693e-06
"Bace1"	1143.36370833045	1284.0004994175	576.53079297395	569.377161252008	893.318040493477	-1.08338272376967	0.121902832027436	-8.88726460043064	6.26317308221156e-19	0.00849079715669562
"Bai2"	302.116567058848	292.368496604129	41.6267720558808	41.1718934944133	169.320932303318	-2.84389550256677	0.269416479598604	-10.5557592720527	4.77761181828591e-26	0.000799526898686903
"Bcam"	228.876187165794	192.739741391894	720.143156566739	728.039580084137	467.449666302141	1.78207934832857	0.160047792983498	11.1346699327014	8.50595229518253e-29	0.000308309851527762
"Bgn"	42476.3686554758	43453.0350303233	11011.3218780819	10721.7635814598	26915.6222863352	-1.98328379122475	0.0635481864465548	-31.2091328191203	8.01005842614448e-214	1.03494274082638e-13
"Bhlhb9"	999.934631039889	1050.29192410655	282.021380678593	296.236794654925	657.12118261999	-1.82597339410471	0.136751152354048	-13.3525265613651	1.14498515591185e-40	4.62579194122225e-06
"Bhlhe41"	974.503943577024	952.525388617911	306.997443912121	347.450613391878	645.369347374733	-1.55745062263926	0.138053050151957	-11.2815372128682	1.61892028034465e-29	0.000241393090398239
"Bmp4"	697.818063981042	609.876959476766	3805.72763520891	3858.1076781838	2242.88258421263	2.55228823315923	0.0974619628463479	26.1875316135691	3.68553381775712e-151	1.03494274082638e-13
"Bnip3"	990.779583553258	991.632002813368	384.006972215501	451.886635914292	704.576298624105	-1.24532913107481	0.134880981064878	-9.23280006745953	2.63647892251683e-20	0.00539426417773497
"Bves"	89.5160198692882	87.5243270088794	329.892168542856	352.471576013148	214.851022858543	1.94687658586633	0.222335022484201	8.75649982676334	2.01407042018493e-18	0.0098992261597165
"C3"	6438.03283809915	6431.17581542905	1094.78410506967	953.982898041284	3729.49391415979	-2.65151589705627	0.0884823670212326	-29.9666022318322	2.67420809779923e-197	1.03494274082638e-13
"Camk2n1"	423.16663938209	401.30835043433	105.107599441099	117.490525337716	261.768278648809	-1.8882341979654	0.204351385327647	-9.24013407072284	2.46188566750578e-20	0.00534247824546468
"Capg"	4128.92641647092	4202.09880628801	1877.36741972023	2156.0013495733	3091.09849801311	-1.04632006381532	0.0900537834966416	-11.6188351359423	3.30613202536213e-31	0.000135520138309498
"Car13"	466.907421818219	530.732621224056	1066.68603393195	1092.56146638833	789.221885840639	1.11301161519924	0.126885451779514	8.77178273466132	1.7585948306759e-18	0.009704263459613
"Car8"	249.220737136086	250.468552823283	13.5287009181613	10.0419252425398	130.814979030018	-4.40888481080707	0.389362051543153	-11.3233551994433	1.0054847478516e-29	0.000226294930699907
"Cck"	722.231523945393	632.223596159884	4.16267720558808	14.0586953395558	343.169123162605	-6.20858022532283	0.573946196266704	-10.8173558178575	2.84877839645059e-27	0.000525619765766983
"Ccl5"	511.665431752863	489.763787305006	1655.70485852266	1927.04545404339	1146.04488290598	1.83954857773933	0.119298818048595	15.4196714420927	1.20716947748658e-53	4.84465801679805e-08
"Cd248"	2306.05473913268	2213.24814149049	974.066466107612	978.083518623379	1617.86321633854	-1.21088954801882	0.0966207842535682	-12.5323920455976	4.96424631731102e-36	2.4087005842297e-05
"Cd24a"	1028.4170009983	1052.15414383015	5336.55217756392	5188.66277282033	3151.44652380317	2.33859207230359	0.0836128387131103	27.9692940497773	3.84109814447935e-172	1.03494274082638e-13
"Cd55"	1128.10529585273	1182.50952448167	518.253312095717	469.962101350864	824.707558445246	-1.22588992673348	0.124186101676306	-9.8713939014592	5.53894765210288e-23	0.00226572802462586
"Cd74"	661.197874034515	662.019111737375	261.207994650652	227.951703005654	453.094170857049	-1.43622336160598	0.158382176337433	-9.06808704627281	1.2112477690082e-19	0.00670160856633045
"Cdca2"	684.594106500352	616.394728509342	1404.90355688598	1328.54670958802	1008.60977537092	1.0717566737191	0.116195204739472	9.22375993159231	2.86860842159184e-20	0.0054218346459926
"Cdh10"	207.514409696986	226.259696416571	6.24401580838213	10.0419252425398	112.51501179112	-4.73081692512901	0.449487508829952	-10.5249130002381	6.63226860151217e-26	0.000843631993409032
"Cdr2l"	2878.75382079643	2658.31865542926	1369.52080063848	1300.42931890891	2051.75564894327	-1.05220287699612	0.0936211758615192	-11.2389410548795	2.62512312540607e-29	0.000256756182351948
"Cebpa"	467.924649316734	418.999437808465	135.287009181613	106.444407570922	282.163875969433	-1.87606749385977	0.204891883719672	-9.15637779203865	5.3668517694292e-20	0.0059439657638564
"Cep55"	804.626951325079	696.470176623849	1498.56379401171	1523.36005929329	1130.75524531348	1.01038405050086	0.114041650447963	8.85978102326653	8.01717608957278e-19	0.00882157428684954
"Cercam"	476.062469304851	420.861657532059	66.6028352894093	103.43182999816	266.73969803112	-2.39650460194863	0.228490049984101	-10.4884418473163	9.76250061279979e-26	0.000877750285639008
"Cfh"	702.904201473615	719.747923168764	157.14106451095	173.725306695939	438.379623962317	-2.10384340462278	0.164720164176072	-12.7722274631414	2.34350565790342e-37	1.52282852435105e-05
"Cldn15"	2996.75221062412	2946.03160272441	1424.67627361252	1500.26363123545	2216.93092954913	-1.02256435564557	0.0885278675409903	-11.5507623085138	7.31685454457655e-31	0.000151840791762874
"Clmn"	47.809692430188	42.8310536426431	482.870555848218	394.647662031815	242.039740988216	3.27683936868111	0.245861489690893	13.3279895635583	1.59128324412145e-40	4.85019201469742e-06
"Clu"	544.216711705331	556.803697354361	1520.41784934105	1763.36207258999	1096.20008274768	1.57653173574462	0.118951547700456	13.2535621958837	4.30284523212281e-40	5.5637098953709e-06
"Cmpk2"	126.136209815815	146.184248302065	626.482919441007	627.620327658739	381.605926304406	2.20138962661881	0.176418741328798	12.4782073040415	9.81721173231631e-36	2.66156672167561e-05
"Col11a1"	3519.60714486065	3646.22621879545	1175.95631057863	1109.63273930065	2362.85560338384	-1.64881724024741	0.0892078835088138	-18.4828646908152	2.837098609704e-76	1.25800013680975e-11
"Col1a2"	41999.2889586724	43376.6840216559	7054.69719417041	6977.12965851667	24851.9499582538	-2.60514962719401	0.0641792979716916	-40.5917439038224	0	1.03494274082638e-13
"Col4a2"	8230.38769048194	8283.15333054246	3747.45015433067	3514.67383488894	5943.916252561	-1.18528120910833	0.073942632777704	-16.0297404160828	7.92129540095458e-58	9.95003100524277e-09
"Col5a3"	335.685074509831	335.199550246772	75.9688590019825	61.2557439794929	202.02730693452	-2.29075394012584	0.2385004580496	-9.60481987690537	7.62912044938296e-22	0.00332959714261586
"Col8a1"	1497.35887781355	1413.42477020722	446.447130299322	372.555426498228	932.44655120458	-1.82995545289016	0.127272538133049	-14.3782427830359	7.08712045454368e-47	5.3074624433203e-07
"Cp"	2964.20093067166	3056.8336762782	1502.7264712173	1364.69764046116	2222.11467965708	-1.07054598092401	0.0919045872616297	-11.6484499068195	2.33670533081533e-31	0.00012827590456704
"Creb3l1"	753.765576399347	758.854537364221	129.042993373231	112.469562716446	438.533167463311	-2.64774228237605	0.172443613287025	-15.3542496118369	3.31725641518077e-53	5.53859379225608e-08
"Csgalnact1"	220.738367177677	227.190806278368	10.4066930139702	8.03354019403186	116.592351666012	-4.60505585622716	0.428512835355676	-10.7465995794615	6.14867491961889e-27	0.000591750902141945
"Ctla2a"	1899.16373972683	2088.47942000975	877.284221077689	935.907432604712	1450.20870335475	-1.13713592187392	0.104650629001088	-10.8660208995217	1.67340961443474e-27	0.000482843549951584
"Ctsk"	2331.48542659555	2325.91243476788	433.959098682558	470.966293875118	1390.58081348028	-2.3632786588668	0.107422829633051	-21.9997803720085	2.89376183167674e-107	1.03494274082638e-13
"Cxcl12"	2050.73063700551	2113.61938627826	6563.50128391101	6771.2701910446	4374.78037455985	1.67890217539036	0.0767755703728858	21.867661382862	5.27950346990143e-106	1.03494274082638e-13
"Cyb561"	602.198679120666	607.083629891377	193.564490059846	194.813349705273	399.41503719429	-1.63862574406182	0.165224246764155	-9.91758640849381	3.49095571922785e-23	0.00213500246725692
"Daam2"	735.455481426084	707.643494965408	4328.14362451021	4049.90845031631	2455.2877628045	2.53774274502236	0.0923308143611037	27.4853283010946	2.62932314846216e-166	1.03494274082638e-13
"Deptor"	197.34213471184	163.8753356762	653.540321277329	611.553247270675	406.577759734011	1.81018733245114	0.171348668373457	10.5643501617755	4.35977733362153e-26	0.00079274337723923
"Dhrs3"	470.976331812278	459.037161865719	1098.94678227525	1030.30152988459	764.815451459459	1.19511763026018	0.125586054304369	9.51632437916802	1.79412806421051e-21	0.00369277255180066
"Dlc1"	1648.92577509223	1642.47779620918	5033.71741085739	4535.93763205524	3215.26465355351	1.53970019107532	0.0868872859827818	17.7206615865576	2.90476012984317e-70	1.16010024818859e-10
"Dlgap5"	1170.82885079035	1141.54069056262	2569.41250514925	2481.35972743159	1840.78544348345	1.12724210082679	0.0927167665213767	12.1579099780933	5.2073956671406e-34	4.88545237810137e-05
"Dmpk"	1559.40975522294	1531.67572265539	412.10504335322	427.786015332197	982.744134140937	-1.87961857403413	0.116768469195526	-16.0969702436259	2.67905648853137e-58	8.6376305468419e-09
"Dnaja4"	368.236354462299	368.71950527145	24.9760632335285	36.1509308731434	199.520713460105	-3.58871927981474	0.278414491402359	-12.889843706549	5.13477669468263e-38	1.19466003916972e-05
"Dnm1"	2039.54113452185	1815.66423050335	915.788985229379	984.108673768903	1438.77575600587	-1.02035394477234	0.106909868703396	-9.54405759867826	1.37350661195335e-21	0.00356147915205002
"Dock8"	866.677828734472	801.685591006864	176.913781237494	157.658226307875	500.733856821676	-2.31836237169053	0.160143852884233	-14.4767490598997	1.69947025394764e-47	4.21519894528507e-07
"Dpt"	1828.97504232932	1757.93541907196	272.655356966019	320.33741523702	1044.97580840108	-2.59573868606676	0.124432227071731	-20.8606624437446	1.21970455380415e-96	1.03494274082638e-13
"Dsel"	568.630171669683	600.5658608588	130.083662674628	140.586953395558	359.966662149667	-2.11072858822604	0.179489060937631	-11.7596502940058	6.29946667353407e-32	0.000105329796627828
"Enpp5"	28.4823699584099	48.4177128134227	501.602603273364	495.066914457213	268.392400125603	3.6860456043738	0.249492231736374	14.7741898764554	2.14925915134471e-49	2.09509840797407e-07
"Epb4.1l3"	2.03445499702928	0.93110986179659	1588.06135393185	1468.12947045932	764.789097312501	10.0327967749227	0.841589006838803	11.9212545475233	9.17169413040297e-33	7.69615506200043e-05
"Epb4.1l4a"	213.617774688074	175.979763879555	1080.21473485011	936.911625128966	601.680974636676	2.37429751933257	0.156542116054098	15.1671484912856	5.83575840918567e-52	8.72437933369108e-08
"Eps8l2"	248.203509637572	225.328586554775	1262.33186259459	1207.03941415329	735.725843235055	2.3837512338119	0.135810651066134	17.5520197797381	5.74018711529994e-69	1.84687781975991e-10
"Etv4"	1441.41136539524	1471.15358163861	520.334650698511	520.171727563563	988.267831323982	-1.48508306947664	0.114160219418206	-13.0087615199503	1.09095843473276e-38	9.32728275580916e-06
"Eya1"	23.3962324658367	33.5199550246772	478.70787864263	385.609929313529	230.308498861668	3.91708168767134	0.278235029481806	14.0783196672491	5.16226885397042e-45	1.00405473894952e-06
"F2rl1"	520.820479239495	504.661545093752	1181.15965708562	1152.81301784357	839.863674815609	1.18669964881558	0.12003149518275	9.88656891267425	4.76065260897035e-23	0.00221297855238903
"Fam107b"	1778.11366740359	1824.04421925952	5086.79154522864	5094.26867554045	3445.80452685805	1.49881813350261	0.0793232983984949	18.8950555985838	1.25255577787895e-79	3.66665428178489e-12
"Fam110c"	650.008371550854	629.430266574495	208.133860279404	178.746269317209	416.57969193049	-1.72609377532256	0.166891704133895	-10.3425978198277	4.52112392667303e-25	0.0011143834435703
"Fam195b"	1893.06037473574	1890.15301944708	864.796189460925	923.857122313664	1392.96667648935	-1.08054889454203	0.101656609759446	-10.629401246992	2.17504370923276e-26	0.00071540404383477
"Fam20a"	262.444694616777	276.539628953587	18.7320474251464	30.1257757276195	146.960536680782	-3.46009008737298	0.318215366706812	-10.8734223717139	1.54301983653048e-27	0.000479949413170957
"Fam69a"	1387.49830797397	1432.04696744316	552.595399041818	605.528092125152	994.417191646023	-1.28349375520377	0.115799613694661	-11.0837481598865	1.50439981687726e-28	0.000337616083076427
"Fam83h"	383.494766940019	346.372868588331	1083.3367427543	1013.23025697227	706.608658813729	1.52313696080201	0.133248861844555	11.4307690115872	2.93497948645489e-30	0.000186946179028465
"Fancd2"	462.83851182416	503.730435231955	1097.90611297386	1022.26798969055	771.685762430132	1.13245937741741	0.127037056229974	8.91440191566883	4.90456244504349e-19	0.0081847226799427
"Fbln1"	3.05168249554391	4.65554930898295	306.997443912121	351.467383488894	166.543014801386	6.4048535548625	0.558260406242987	11.4728780390611	1.80552661220727e-30	0.000173429385680205
"Fgf7"	359.081306975667	356.615077068094	1358.07343832311	1295.40835628764	842.294544663628	1.8904654823264	0.123720713747461	15.28010488353	1.03773570864607e-52	6.65079083686302e-08
"Fgfr1"	3986.51456667887	3969.32134083886	1849.26934858251	1769.38722773552	2893.62312095894	-1.13664169047131	0.0826764313244729	-13.7480739342805	5.23034864801614e-43	2.02230170536962e-06
"Fhl1"	938.900981129011	951.594278756115	3047.07971449048	3179.27353178811	2029.21212654093	1.71957152966527	0.0918592443117332	18.7196350519686	3.4248959224971e-78	6.23840485442568e-12
"Foxo6"	631.69827657759	560.528136801547	1281.06391001973	1286.37062356935	939.915236742056	1.10754098982184	0.118776891820573	9.32454935337859	1.11456216234382e-20	0.00474984056470024
"Foxp2"	666.284011527088	703.919055518222	1694.20962267435	1588.6325733698	1163.26131577237	1.26005422171379	0.109359495595903	11.5221290556227	1.02057624739964e-30	0.000158554024371965
"Foxred2"	948.056028615643	929.247642072997	297.631420199548	275.148751645591	612.520960633445	-1.71286519668274	0.139856709443076	-12.2472865513821	1.73711249718825e-34	4.13027024382627e-05
"Fras1"	126.136209815815	127.562051066133	1002.16453724533	760.173740860265	504.009134746886	2.79583303474576	0.181171444438857	15.4319740807129	9.97711675000269e-54	4.75291003054007e-08
"Fstl3"	60.0164224123637	82.8687776998965	395.454334530868	465.945331253848	251.071216474244	2.58762345101538	0.23019146461617	11.2411789695594	2.55941172411008e-29	0.000256756182351948
"Gas6"	11.189502483661	2.79332958538977	2959.66349317313	2916.17509043357	1472.45535391894	8.75263746520626	0.397345242790422	22.0277897471213	1.56001869559811e-107	1.03494274082638e-13
"Gas7"	253.289647130145	252.330772546876	40.5861027544838	46.1928561156832	148.099844636797	-2.54179177636138	0.279016850705315	-9.10981458623769	8.25228817106852e-20	0.00635048708910335
"Gda"	498.441474272173	556.803697354361	186.279804950067	171.716921647431	353.310474556008	-1.56040054548118	0.177755100089371	-8.77837285510597	1.65856641321684e-18	0.00962486353988722
"Gfod1"	1155.57043831263	1128.50515249747	568.205438562773	485.024989214674	834.326504646886	-1.11717594360478	0.126962888421208	-8.79923225989056	1.37755314194106e-18	0.00942058519438383
"Gfpt2"	1593.99549017244	1456.25582384987	217.499883991977	195.817542229527	865.892185060952	-2.88393828682946	0.135760338428723	-21.242863123412	3.83771157297372e-100	1.03494274082638e-13
"Gnai1"	185.135404729664	243.950783790707	657.702998482917	653.729333289343	435.129630073158	1.6092575393689	0.171403562840908	9.38870530283302	6.07422888215786e-21	0.00437763446925253
"Gpr153"	654.077281544912	634.085815883478	160.263072415141	167.700151550415	404.031580348487	-1.97334769194639	0.168161742195341	-11.7348195028456	8.45064092680581e-32	0.000110227526935284
"Gprc5a"	1866.61245977436	1868.73749262576	4250.09342690543	4421.45968429029	3101.72576589896	1.21508080298686	0.0813738460456414	14.9320802940215	2.03807278065053e-50	1.46074668060986e-07
"Gpsm3"	742.576073915686	720.679033030561	225.825238403154	224.939125432892	478.504867695573	-1.69862304461516	0.153632962900539	-11.056371058305	2.04192796540453e-28	0.000354571581072853
"H2-K1"	895.160198692882	879.898819397777	2030.34580702559	2268.47091228975	1518.4689343515	1.27632278721236	0.103568532205974	12.3234611906447	6.77239327006112e-35	3.56880113260449e-05
"Hap1"	1355.96425552001	1260.72275287258	278.899372774402	318.329030188512	803.478852838877	-2.13055003519917	0.132655346454617	-16.060792814921	4.80371792111581e-58	9.26648463190774e-09
"Hapln4"	326.530027023199	360.33951651528	68.6841738922034	58.243166406731	203.449220959353	-2.43744086623631	0.240887884290648	-10.1185697795219	4.57045188296718e-24	0.00158846900145164
"Has1"	723.248751443908	700.194616071036	121.758308263451	127.532450580256	418.183531589663	-2.51307790912052	0.172542389896376	-14.5649884102672	4.69064091942155e-48	3.44854615006908e-07
"Havcr2"	459.786829328617	557.734807216157	83.2535441117617	62.2599365037469	290.758779290071	-2.80825316070774	0.222247004063549	-12.6357301082212	1.34143201657731e-36	1.9687144802446e-05
"Hist1h1c"	621.526001592444	630.361376436291	168.588426826317	138.57856834705	389.763593300526	-2.02802727737387	0.175995159476548	-11.5231991800554	1.00797685648855e-30	0.000158554024371965
"Hmha1"	932.797616137923	922.72987304042	1895.05879784398	2066.6282149147	1454.30362548425	1.09447560025861	0.102139540083467	10.7154937193198	8.60966515770314e-27	0.000615426210614797
"Hpcal1"	1467.85928035662	1463.70470274424	713.899140758356	723.018617462867	1092.12043533052	-1.02864304753439	0.108451191012445	-9.48484786503035	2.42736898257668e-21	0.00387404918415408
"Hs3st1"	1027.39977349978	1042.84304521218	420.430397764397	433.811170477721	731.121096738521	-1.27703379581186	0.127009133600027	-10.054661106763	8.76223889072581e-24	0.0017515604883876
"Hspa1a"	323.478344527655	334.268440384976	47.870787864263	70.2934766977788	193.977762368668	-2.47465335536421	0.253607451229426	-9.75781012493012	1.70803461722235e-22	0.00270417797159358
"Htatip2"	383.494766940019	428.310536426431	16.6507088223523	14.0586953395558	210.62867688209	-4.7264950843615	0.331492966602259	-14.2582062383018	3.98567979729171e-46	6.83430503870121e-07
"Id2"	226.841732168764	175.979763879555	580.693470179538	610.549054746421	398.51600524357	1.56672024996638	0.175649229088275	8.91959650548197	4.67990115527983e-19	0.00817164046469738
"Ifi203"	523.872161735039	590.323652379038	189.401812854258	178.746269317209	370.585974071386	-1.5984164072961	0.17457410970326	-9.15609084309854	5.38113585991179e-20	0.0059439657638564
"Ifi44"	1161.67380330372	1220.68502881533	559.880084151597	467.953716302356	852.54815814325	-1.21349393756264	0.12880317226497	-9.42130474136363	4.45517017869681e-21	0.00419925567852743
"Ifi47"	465.890194319704	532.594840947649	54.1148036726451	57.238973882477	277.459703205619	-3.16469496676223	0.225710457322556	-14.0210382996994	1.15906388097927e-44	1.12333582809717e-06
"Ifit3"	2835.0130383603	2986.06932678166	1212.37973612753	1164.86332813462	2049.58135735103	-1.29224723092485	0.0917305502713382	-14.087424823054	4.53810379069053e-45	9.97292818551822e-07
"Igdcc4"	324.49557202617	340.786209417552	38.5047641516898	56.234781358223	190.005331738409	-2.80967028050526	0.262192665448759	-10.7160521660525	8.55785860107742e-27	0.000615426210614797
"Igf1r"	1445.4802753893	1527.9512832082	3251.05089756429	2721.36174072829	2236.46104922252	1.0058073868273	0.103150274993266	9.75089389623987	1.82851023508671e-22	0.0027204418759491
"Igfbp4"	26749.0143009409	25935.1340904822	11766.8477908961	12142.6960032792	19148.4230463996	-1.13974727955763	0.0649778895183833	-17.5405401438158	7.02564327432516e-69	1.87106637512252e-10
"Igfbp7"	7544.77635648307	6876.24632936782	1821.17127744479	2119.85041870016	4590.51109549896	-1.87118622509794	0.0913320308225325	-20.4877325977109	2.76996349106354e-93	1.03494274082638e-13
"Il17rd"	13.2239574806903	11.1733183415591	181.076458443082	174.729499220193	95.050808371381	3.86992084107574	0.406511692464798	9.51982664412746	1.73468193227305e-21	0.00368088636097434
"Impact"	973.486716078509	986.045343642589	2817.09179888174	2712.32400801001	1872.23696665321	1.49648027050885	0.0930725901783841	16.0786356932871	3.60224882350612e-58	8.95189016115291e-09
"Iqgap3"	635.767186571649	577.288114313886	1452.77434475024	1420.93242181939	1021.69051686379	1.24496478466228	0.11454349551275	10.8689260711771	1.62097589738146e-27	0.000482124842239292
"Iqsec1"	1304.08565309577	1322.17600375116	2824.37648399152	2467.30103209204	1979.48479323262	1.01049938562341	0.0989217495445528	10.2151386350915	1.69636481483685e-24	0.00137622217579001
"Irgm1"	5745.30091161068	5974.00087328692	2777.54636542865	2723.3701257768	4305.05456902576	-1.09125175186859	0.0763654633521401	-14.2898596298245	2.53119123057762e-46	6.44536869148287e-07
"Irgm2"	2006.98985456938	2064.27056360304	807.559377884088	747.119238044963	1406.48475852537	-1.3891889169194	0.103087237421396	-13.4758574549896	2.16950236883058e-41	3.69478670509515e-06
"Itga3"	4374.07824361294	4531.711697364	12737.7922490995	11878.5933694004	8380.54388986921	1.46667900992072	0.0728233080214155	20.1402414936906	3.27734333217797e-90	1.03494274082638e-13
"Itgb3"	710.024793963218	709.505714689001	289.306065788372	260.085863781781	492.230609555593	-1.36992073369825	0.151456653485412	-9.0449689873162	1.49707660395823e-19	0.0068774078357077
"Itgb8"	828.023183790916	837.998875616931	335.095515049841	315.316452615751	579.108506768359	-1.35727006091428	0.140289008520638	-9.67481398027422	3.85792598228934e-22	0.00299522156527155
"Jam2"	1028.4170009983	1054.01636355374	247.679293732491	303.266142324703	658.344700152308	-1.91752510997253	0.143897380420004	-13.3256429295357	1.64211997914942e-40	4.85019201469742e-06
"Kalrn"	10.1722749851464	16.7599775123386	163.385080319332	192.804964656765	95.7805743683955	3.71542845492514	0.401947161823906	9.24357429983017	2.3839755508023e-20	0.00532536009528786
"Kif2c"	780.213491360728	837.067765755134	1652.58285061847	1626.79188929145	1224.16399925645	1.01935064725869	0.105955844384386	9.62052308847348	6.54972286337699e-22	0.00326918551957283
"Klf2"	1150.48430082006	1042.84304521218	446.447130299322	500.087877078483	784.965588352511	-1.21165999851858	0.129826831531523	-9.33289354923821	1.0301928033328e-20	0.00470806063679065
"Klf5"	225.82450467025	197.395290700877	772.17662163659	643.687408046803	459.77095626363	1.74322827259321	0.167787834967655	10.3894795050503	2.76859822511437e-25	0.00102983156551681
"Krt18"	285.840927082613	313.784023425451	44.7487799600719	36.1509308731434	170.13116533532	-2.89171247788314	0.273711861308005	-10.5648051350947	4.33868825989524e-26	0.00079274337723923
"Krt19"	94.6021573618614	105.215414383015	1939.80757780405	2104.78753083635	1061.10317009632	4.33714316813575	0.147407909427217	29.4227303337289	2.81208677654649e-190	1.03494274082638e-13
"Lama2"	527.941071729097	500.005995784769	61.3994887824242	50.2096262126991	284.889045627247	-3.20450414417729	0.222902773942133	-14.3762416568634	7.29498892444286e-47	5.3074624433203e-07
"Ldhb"	16.2756399762342	18.6221972359318	236.231931417124	269.123596500067	135.063341282339	3.8534212420047	0.343888018948629	11.2054536060482	3.83384795553839e-29	0.000273067608991668
"Ldlrad4"	737.489936423113	761.64786694961	258.085986746461	251.048131063496	502.06798029567	-1.55827502215233	0.149690556023263	-10.4099755091441	2.23279088886087e-25	0.000995261299670496
"Lgals3bp"	4737.22846058267	4912.53563083881	1936.68556989986	1911.98256617958	3374.60805687523	-1.32624144816245	0.0801310197350586	-16.5509119008777	1.57695842434335e-61	2.70070062358883e-09
"Lif"	1217.62131572202	1310.0715755478	530.741343712481	485.024989214674	885.864806049245	-1.31582579297673	0.122218278062805	-10.7661948264445	4.97124752007424e-27	0.000574720774393106
"Llgl2"	406.890999405855	444.139404076973	1212.37973612753	1053.39795794243	779.202024388196	1.41181696871918	0.132741079599693	10.6358707717068	2.02924239055375e-26	0.000709498661305587
"Lmo7"	439.442279358324	509.317094402735	1645.29816550869	1501.2678237597	1023.83134075736	1.7283266606537	0.122386136373427	14.121915372671	2.78322434423984e-45	9.37042376612597e-07
"Loxl4"	704.938656470644	664.812441322765	2102.15198882198	2027.46470646879	1374.84194827105	1.59251800557579	0.103599616002024	15.3718523970656	2.52835601593157e-53	5.35574983748087e-08
"Lphn1"	1981.55916710652	1769.10873741352	433.959098682558	351.467383488894	1134.02359667287	-2.2561168236547	0.127605670144693	-17.6803806687937	5.93938411120633e-70	1.28047715640554e-10
"Lpl"	605.25036161621	591.254762240835	2016.81710610743	1843.69747453031	1264.2549261237	1.69004233452205	0.108899558878355	15.519276220484	2.56932657009029e-54	3.81755174663459e-08
"Lrch2"	303.133794557362	289.575167018739	48.91145716566	25.1048131063496	166.681307962028	-3.00546475078179	0.29663764895204	-10.131771072888	3.99349665772434e-24	0.00156171649355422
"Lrp2"	265.496377112321	268.159640197418	1010.48989165651	786.282746490868	582.607163864279	1.75100469336653	0.15919921658462	10.9988273242275	3.87133479086219e-28	0.000385551552551803
"Lrp5"	800.55804133102	827.756667137168	1771.21915097773	1552.48164249666	1238.00387548564	1.02902401256392	0.11147523713403	9.23096500191065	2.68204552108118e-20	0.00539731191336709
"Lrrc32"	204.462727201442	233.708575310944	26.0167325349255	24.1006205820956	122.072163907352	-3.12924796264998	0.328459089960802	-9.52705544859005	1.61807603244862e-21	0.00365589542962776
"Lrrk2"	3.05168249554391	5.58665917077954	188.361143552861	176.737884268701	93.4343423719713	5.38540053564751	0.563297651315844	9.56048817719618	1.17202542923817e-21	0.00348600126026022
"Ly75"	396.718724420709	374.306164442229	1009.44922235511	913.815197071124	673.572327072293	1.31903252469099	0.134905147303599	9.77748107507387	1.40667781495109e-22	0.00262915230444672
"Macc1"	338.736757005375	343.579539002942	68.6841738922034	57.238973882477	202.059860945749	-2.43906244300447	0.240284828496389	-10.1507134606342	3.28949703525746e-24	0.00151966719936102
"Maged2"	2269.43454918616	2391.09012509364	1120.80083760459	1185.95137114395	1741.81922075709	-1.01465704520401	0.0959522036977285	-10.5746090876705	3.9080381894611e-26	0.000783633605449533
"Magi1"	613.388181604327	599.634750997004	1308.12131185606	1283.35804599659	951.125572613494	1.09531007815567	0.114168478001274	9.59380467648388	8.48953949530346e-22	0.00337370356685557
"Map1a"	1509.56560779572	1629.44225814403	491.195910259394	393.643469507561	1005.96181142668	-1.8277737065572	0.129063921989536	-14.1617709920933	1.57962487528519e-45	8.58080134910408e-07
"Map2"	9.15504748663174	5.58665917077954	516.171973492922	407.702164847117	234.653961249363	5.98298441346442	0.424656384955222	14.0890014266365	4.43792498350323e-45	9.97292818551822e-07
"Map3k1"	238.031234652425	244.881893652503	835.657449021808	668.792221153152	496.840699619972	1.63880821506691	0.163826933329266	10.0032893356623	1.47417393956522e-23	0.00187666627781371
"Marcksl1"	635.767186571649	681.572418835104	1922.1161996803	2087.71625792403	1331.79301575277	1.60547960514221	0.10762805558339	14.916924740857	2.55793501648219e-50	1.50187019397731e-07
"Masp1"	14.2411849792049	11.1733183415591	178.995119840288	185.775616986987	97.5463100370096	3.84859125905265	0.400513067501165	9.609152787609	7.31483600569575e-22	0.00331443627704058
"Mctp1"	277.703107094496	306.335144531078	14.5693702195583	29.1215832033655	156.932301262125	-3.73554264601609	0.326945187109299	-11.4255930146703	3.11521734857068e-30	0.000188001822962915
"Mcts2"	19.3273224717781	19.5533070977284	237.272600718521	181.758846889971	114.4780192945	3.42927674635414	0.355699145395788	9.64094738697888	5.36901479812401e-22	0.00316571715221412
"Medag"	2512.55192133116	2477.68334224073	553.636068343215	534.230422903119	1519.52543870455	-2.19771540542693	0.102130881295896	-21.5186178513397	1.04223188530896e-102	1.03494274082638e-13
"Mfsd6"	674.421831515205	635.948035607071	28.0980711377196	26.1090056306035	341.14423597265	-4.59585858615608	0.25545819490453	-17.9906484811483	2.30642969455002e-72	5.72562168617179e-11
"Mlh3"	1045.70986847305	1026.08306769984	477.667209341233	418.748282613911	742.052107032008	-1.20900193824267	0.130236997759852	-9.28309128003692	1.6463137176517e-20	0.00505054929131466
"Mmd"	1817.78553984566	1851.97751511342	684.76040031924	641.679022998295	1249.05061956915	-1.4684085912827	0.106438523233714	-13.7958376973948	2.69998158698475e-43	1.86650882119953e-06
"Mmp13"	2779.06552594199	2758.8785205033	659.784337085711	656.741910862105	1713.61757359828	-2.0726113384906	0.0972283287778791	-21.3169491293586	7.90465471968229e-101	1.03494274082638e-13
"Mn1"	82.3954273796857	62.3843607403715	394.413665229471	300.253564751941	209.861754525367	2.2654359152916	0.24907863753995	9.09526379968351	9.43571274211363e-20	0.00648759200387203
"Msn"	25706.3561149634	26123.2182825651	12533.8210660257	11030.0506864057	18848.36153749	-1.13725769577982	0.0754222927631612	-15.0785351931822	2.24187699269451e-51	1.07265215433494e-07
"Nav2"	272.616969601923	278.40184867718	869.99953596791	735.068927753915	539.021820500232	1.54199681399028	0.152855702850488	10.0879246585818	6.24764003442912e-24	0.00166557790646838
"Ncam1"	2436.25985894256	2453.47448583401	1050.03532510959	942.93678027449	1720.67661254016	-1.29513908794684	0.0987169057801746	-13.1197293686544	2.53839798724883e-39	7.45411357189708e-06
"Ncapd2"	4419.8534810461	4510.29617054268	9680.30584159509	9126.10166042019	6934.13928840102	1.07437996332478	0.0724565901958755	14.8279122771353	9.66936911031087e-50	1.86675638445975e-07
"Ndn"	1283.74110312547	1225.34057812431	401.69835033925	386.614121837783	824.348538356705	-1.67029603014308	0.124121062596608	-13.4569910634066	2.80091627533057e-41	3.80602474213475e-06
"Ndrg2"	955.176621105245	978.596464748216	143.612363592789	154.645648735113	558.007774545341	-2.69642556968349	0.155231444416934	-17.3703567586551	1.38363015192161e-67	3.04991157329404e-10
"Neto2"	1200.32844824727	1155.50733848957	226.865907704551	233.976858151178	704.169638148142	-2.35359025329997	0.136956690099285	-17.1849235812706	3.44400532466619e-66	4.87973512025137e-10
"Nf2"	3413.81548501513	3281.23115297118	1039.62863209562	843.521720373345	2144.54924761382	-1.83037406529499	0.106085244052469	-17.2538045384492	1.04767684461629e-66	4.22450954037073e-10
"Nid2"	122.067299821757	111.733183415591	1984.55635776412	1902.9448334613	1030.32541861569	4.05718785160227	0.141160080583651	28.7417507472871	1.14847478874045e-181	1.03494274082638e-13
"Nnmt"	972.469488579994	1037.2563860414	293.46874299396	359.500923682926	665.67388532457	-1.62139380831536	0.143342826627948	-11.3113006521335	1.15366536685364e-29	0.00022859299396579
"Nov"	1187.10449076658	1161.09399766035	4244.89008039845	4474.68188807575	2766.94261422528	1.89290395498987	0.0860161391006761	22.0063812998436	2.50181834463272e-107	1.03494274082638e-13
"Nrp2"	4013.97970913876	4131.33445679147	1831.57797045876	1542.43971725412	2879.83296341078	-1.27184601232186	0.0957755699115007	-13.2794408166621	3.0466073026528e-40	5.30700948299439e-06
"Nt5e"	637.801641568678	668.536880769951	43.7081106586749	54.2263963097151	351.068257326755	-3.73596263911145	0.217620163382208	-17.1673551799975	4.66183179484351e-66	5.0419090705402e-10
"Oas2"	389.598131931106	391.997251816364	80.1315362075706	93.3899047556204	238.779206177665	-2.17048841244735	0.217423155055831	-9.98278408704907	1.81306769625887e-23	0.00193928768483138
"Oas3"	1007.05522352949	986.045343642589	344.461538762414	344.438035819116	670.500035438403	-1.53256086120493	0.132568863031089	-11.5604888370018	6.53357882926625e-31	0.000149614362117728
"Oasl1"	1590.94380767689	1581.95565519241	4302.12689197528	4496.77412360933	2992.95011961348	1.47159612226552	0.0827479105113076	17.7840879989885	9.38784663065358e-71	1.02588068121768e-10
"Olr1"	2266.38286669061	2248.63031623876	730.549849580709	670.80060620166	1479.09090967794	-1.68817650284312	0.102485196308394	-16.4723937080935	5.79319613815319e-61	3.26449443797699e-09
"Osgin1"	352.97794198458	351.028417897314	809.640716486882	842.517527849091	589.041151054467	1.23081640021305	0.13802240736994	8.91751146546884	4.76882898077505e-19	0.00818059186560928
"P2rx3"	394.68426942368	430.172756150024	108.22960734529	120.503102910478	263.397433957368	-1.85033890126688	0.204247658083644	-9.05929066030775	1.31301622226713e-19	0.00675064974692031
"Panx1"	17.2928674747489	15.828867650542	247.679293732491	283.182291839623	140.995830174351	4.00466462663274	0.345420887962493	11.5935797926256	4.44172377356962e-31	0.000140590795692728
"Parm1"	70.18869739751	64.2465804639647	585.896816686523	485.024989214674	301.339270940668	2.99500802656047	0.215800625951258	13.878588226324	8.54096454450449e-44	1.57108131392375e-06
"Pax3"	7.12059248960247	13.9666479269488	318.444806227488	301.257757276195	160.197450980059	4.86071848940379	0.384625775904814	12.6375266399377	1.31113761331359e-36	1.9687144802446e-05
"Pcdhb22"	482.165834295939	609.876959476766	148.815710099774	130.545028153018	342.850883006374	-1.96826936204696	0.19513829148293	-10.0865357951499	6.33664016971517e-24	0.00166557790646838
"Pcsk9"	476.062469304851	471.141590069074	43.7081106586749	42.1760860186673	258.272064012817	-3.46345481709562	0.238695579164163	-14.5099244369064	1.04835991733441e-47	3.91926002577906e-07
"Pdzd4"	36.620189946527	38.1755043336602	248.719963033888	242.01039834521	141.381513914821	2.71317067813767	0.287375594314198	9.44120075545199	3.68531611495899e-21	0.0041147688872733
"Peg3"	8308.71420786757	8523.37967488598	2849.35254722504	2226.29482627108	5476.93531406242	-1.72982624295629	0.100382077948048	-17.23242114844	1.51667933660668e-66	4.41016010377382e-10
"Peg3os"	1286.79278562102	1313.79601499499	478.70787864263	377.576389119497	864.218267094533	-1.60350811764284	0.134068920809805	-11.9603268823028	5.73357723676078e-33	7.13106257250382e-05
"Peli2"	31.5340524539538	25.1399662685079	304.916105309327	258.077478733274	154.916900691266	3.31629369376335	0.301068877937934	11.0150664408661	3.23298001032103e-28	0.000376080761565251
"Perp"	9.15504748663174	9.3110986179659	737.834534690488	713.980884744582	367.570391384917	6.29629593638759	0.366273432427783	17.1901518891328	3.14706800589823e-66	4.87973512025137e-10
"Phactr2"	18.3100949732635	12.1044282033557	263.289333253446	252.05232358775	136.439045004454	4.09183286052845	0.35658072404616	11.4751936506774	1.75783692408735e-30	0.000173429385680205
"Pkd1"	4948.81178027372	5130.41533849921	2397.70207041874	2225.29063374683	3675.55495573462	-1.12468672550621	0.081441705694744	-13.809714763609	2.22711676598313e-43	1.82123866397015e-06
"Pknox2"	901.26356368397	943.214289999945	306.997443912121	286.194869412385	609.417541752105	-1.63712035996263	0.139958855498946	-11.6971545253524	1.31799177990533e-31	0.000117908291016394
"Pkp1"	39.6718724420709	30.7266254392875	247.679293732491	269.123596500067	146.800347028479	2.88042002645297	0.291271385653445	9.88912803772663	4.64052148067844e-23	0.00220987198963381
"Plac8"	758.85171389192	758.854537364221	26.0167325349255	39.1635084459053	395.721623059243	-4.53746411491323	0.237614476423964	-19.095907720779	2.7306986889749e-81	2.04165977053931e-12
"Plau"	3606.07148223439	3631.3284610067	829.413433213426	801.345634354678	2217.0397527023	-2.1500697002132	0.0908290691253828	-23.6716033855328	7.07313549639563e-124	1.03494274082638e-13
"Plekha6"	155.63580727274	163.8753356762	604.628864111669	469.962101350864	348.525527102868	1.74894082532093	0.190975642479687	9.15792612404464	5.29042133155356e-20	0.0059439657638564
"Plod2"	2965.21815817017	3062.42033544898	1070.84871113753	1096.57823648535	2048.76636031051	-1.47563299872184	0.0908313709150528	-16.2458518885714	2.38998252349913e-59	5.79541504017392e-09
"Plscr4"	918.556431158718	945.076509723539	370.47827129734	389.626699410545	655.934477897535	-1.29378363478923	0.133172054559233	-9.7151285911398	2.59920736586921e-22	0.00282658388574503
"Plxnb3"	20.3445499702928	24.2088564067113	209.174529580801	227.951703005654	120.419909740865	3.29129319434407	0.333760961708524	9.86122875933697	6.12946283423569e-23	0.00229939780828902
"Plxnd1"	1049.77877846711	1028.87639728523	479.748547944027	406.697972322863	741.275424004807	-1.23000186881352	0.132843958694542	-9.25899740493093	2.06360750589013e-20	0.00521705822961951
"Pmepa1"	3435.17726248393	3404.13765472833	1489.19777029914	1596.66611356383	2481.29470026881	-1.14799899032883	0.0871989735504296	-13.1652810071774	1.39019435263272e-39	6.76521325951228e-06
"Popdc3"	28.4823699584099	42.8310536426431	389.210318722486	365.52607882845	206.512455287997	3.39615015436221	0.267047616014172	12.7173955156446	4.73376881730328e-37	1.686454926567e-05
"Postn"	645.939461556795	751.405658469848	78.0501976047766	72.3018617462867	386.924294844427	-3.21733895406362	0.197689058627475	-16.2747446742936	1.4914026326719e-59	5.51510637158970e-09
"Ppapdc2"	547.268394200875	528.870401500463	194.605159361243	175.733691744447	361.619411701757	-1.53923324996573	0.173602070423372	-8.86644523427591	7.55180583939173e-19	0.00875806406733208
"Prex2"	117.998389827698	137.804259545895	1103.10945948084	838.500757752076	549.353216651628	2.92185180757268	0.179693056756222	16.2602376536817	1.89003440949676e-59	5.65386631956599e-09
"Prkg2"	1667.23587006549	1641.54668634739	609.832210618654	568.372968727754	1121.74693393982	-1.48989845669351	0.11056248326604	-13.4756240334116	2.17637463870126e-41	3.69478670509515e-06
"Prl2c2"	912.453066167631	878.036599674184	183.157797045876	142.595338444066	529.060700332939	-2.45968168192444	0.163115926820209	-15.0793471236906	2.21447869578168e-51	1.07265215433494e-07
"Prrx2"	17.2928674747489	26.0710761303045	170.669765429111	241.006205820956	113.75997871378	3.2404270458422	0.359153417362048	9.02240348885685	1.84007082978918e-19	0.00710059956879876
"Ptgfrn"	3043.5446755558	3012.14040291197	1546.43458187597	1385.7856834705	2246.97633595356	-1.04649868643607	0.0924085279253306	-11.324698162941	9.9019359364421e-30	0.000226294930699907
"Ptgs2"	7426.77796665537	7733.79851208248	3394.66326115708	3055.75785130487	5402.74939779995	-1.2330496396416	0.0801314699766861	-15.3878325207356	1.97539244630003e-53	5.20193131829198e-08
"Ptk7"	4038.39316910311	3920.90362802544	1536.027888862	1464.11270036231	2739.85934658822	-1.40765402953502	0.0848853945199167	-16.5829944891726	9.25024111290203e-62	2.50735934696814e-09
"Ptprg"	982.641763565141	1035.39416631781	2849.35254722504	2609.8963705361	1869.32121191102	1.43531814113514	0.0971856953468354	14.768821028782	2.32748751680716e-49	2.10116628101332e-07
"Ptprq"	44.7580099346441	68.9021297729476	599.425517604684	510.129802321023	305.803864908325	3.27993952607816	0.228967299236452	14.3249255986158	1.52891744512643e-46	5.96845260698586e-07
"Ptx3"	345.857349494977	336.130660108569	1122.88217620739	1259.25742541449	766.031902806356	1.80489034701415	0.131734295113137	13.7009906605114	1.00148495967268e-42	2.24344917607515e-06
"Reep5"	5511.33858695231	5675.11460765021	2522.58238658638	2531.56935364429	4060.1512337083	-1.14626565822867	0.0765488011019539	-14.9743123566623	1.08079918346266e-50	1.3248841504092e-07
"Rftn2"	392.64981442665	364.063955962467	100.944922235511	107.448600095176	241.276823179951	-1.85977480776171	0.211291120404854	-8.80195440394374	1.34453813370304e-18	0.00941115614112319
"Rpia"	372.305264456358	303.541814945688	885.609575488865	884.693613867759	611.537567189667	1.39092373374664	0.145496065761604	9.55987178392627	1.17902680247821e-21	0.00348600126026022
"Rsad2"	308.219932049935	350.097308035518	3151.14664463018	2925.21282315185	1683.66917696687	3.20462217056883	0.110889920252037	28.8991295447339	1.22437579127132e-183	1.03494274082638e-13
"Saa3"	486.234744289997	539.112609980225	50.992795768454	64.2683215522549	285.152117897733	-3.15187939516035	0.22377768314624	-14.0848691918066	4.70529231362726e-45	9.97292818551822e-07
"Sdc1"	5341.46159470037	5174.17750200365	1724.38903241486	1691.06021084371	3482.77208499065	-1.62236955521301	0.0800616198444119	-20.2640111250041	2.67275982492307e-91	1.03494274082638e-13
"Sema3c"	3630.48494219874	3755.16607262565	8094.32582626603	7095.62437637864	5643.90030436727	1.04016730035822	0.0833977467471456	12.4723669514947	1.05640797285338e-35	2.66332618724962e-05
"Sema6a"	10.1722749851464	3.72443944718636	448.528468902116	358.496731158672	205.23047862328	5.88545645399765	0.442114547247482	13.3120624296109	1.96968418019569e-40	4.96822560328994e-06
"Sepw1"	2751.6003834821	2614.55649192482	1120.80083760459	1385.7856834705	1968.1858491205	-1.09767971691878	0.108575649505192	-10.1098148794983	4.99786228214763e-24	0.00160822564811087
"Serpinf1"	3890.89518181849	3984.21909862761	1411.14757269436	1352.64733017011	2659.72729582764	-1.51081564877973	0.0852586067849413	-17.7203886593017	2.91888745436145e-70	1.16010024818859e-10
"Sfrp2"	17.2928674747489	14.8977577887454	998.001860039743	996.158984059951	506.587867340797	5.95716034206579	0.286167417591598	20.8170461620041	3.03316157009933e-96	1.03494274082638e-13
"Sh2d4a"	660.180646536	649.91468353402	1300.83662674628	1337.5844423063	987.12909978065	1.01016704788819	0.11250340337729	8.97899101328082	2.73261091473935e-19	0.00754724852132839
"Sh3rf2"	188.187087225208	169.461994846979	608.791541317257	547.284925718421	378.431387276966	1.69354346014591	0.173680172919519	9.75093144875364	1.82783391122542e-22	0.0027204418759491
"Sh3tc2"	637.801641568678	716.023483721578	1554.75993628715	1482.18816579888	1097.69330684407	1.16470652775757	0.113707901040115	10.242969196544	1.27269442411232e-24	0.00132222887985123
"Shroom3"	129.187892311359	119.182062309963	999.04252934114	884.693613867759	533.026524457555	2.92408619022404	0.164856427425465	17.7371682493003	2.16577955765493e-70	1.15499609876224e-10
"Slc16a2"	183.100949732635	213.224158351419	27.0574018363225	18.0754654365717	110.364493839237	-3.1379825451421	0.350544578862753	-8.95173605400612	3.49934865772889e-19	0.00783135270152923
"Slc16a3"	4299.82063622138	4293.34757274408	719.102487265342	876.660073673727	2547.23269247613	-2.42834390430634	0.101167587306909	-24.0031809490479	2.57603933169183e-127	1.03494274082638e-13
"Slc24a3"	250.237964634601	243.950783790707	1103.10945948084	1104.61177667938	675.477496146383	2.15973319490382	0.136190073352812	15.8582277087762	1.23325218006132e-56	1.54851266863982e-08
"Slc29a1"	3197.14602783151	3463.72868588331	1487.11643169634	1689.0518257952	2459.26074280159	-1.0683706823766	0.0955977389698998	-11.1756898634704	5.36320168424e-29	0.000288251928267651
"Slc38a4"	21.3617774688074	18.6221972359318	762.810597924016	653.729333289343	364.130976479525	5.150097402209	0.27852845613396	18.4903814629699	2.46802421973581e-76	1.25800013680975e-11
"Slc5a7"	473.010786809307	432.966085735414	20.8133860279404	21.0880430093336	236.969575395499	-4.43394465728453	0.294387993180008	-15.0615675910849	2.89832303337333e-51	1.10486720558293e-07
"Slco2a1"	745.62775641123	772.82118529117	1814.9272616364	1682.02247812542	1253.84967036606	1.2031356661767	0.106759098194087	11.269631221401	1.85344553743546e-29	0.000246030609997491
"Slco4a1"	216.669457183618	233.708575310944	21.8540553293374	16.0670803880637	122.074792052991	-3.57291160648755	0.349503181560636	-10.2228299912276	1.56698107400117e-24	0.00136189087728233
"Slfn2"	275.668652097467	258.848541579452	46.8301185628659	42.1760860186673	155.880849564613	-2.58665751337072	0.273866053615844	-9.4449731144812	3.55495570574597e-21	0.00409962164677838
"Slit2"	4696.53936064208	4815.70020521196	924.114339640555	847.538490470361	2820.97309899124	-2.42503839412771	0.0889748513515165	-27.2553239178452	1.43712894556376e-163	1.03494274082638e-13
"Slit3"	1344.77475303635	1328.69377278373	657.702998482917	608.540669697913	984.928048500229	-1.07834909200046	0.114537954699377	-9.41477517064765	4.74095932406888e-21	0.00423416027314602
"Smc4"	2770.92770595387	2840.8161883414	6051.49198762368	5713.85546300516	4344.27283623103	1.06788429142798	0.0775063260532942	13.7780274953775	3.45586081862519e-43	1.93104938488947e-06
"Snhg18"	861.591691241899	907.832115251675	401.69835033925	355.48415358591	631.651577604683	-1.22520929692957	0.13837953112474	-8.85397780272235	8.44541902680815e-19	0.00885530492362625
"Snhg4"	1107.76074588244	1046.56748465937	268.492679760431	336.404495625084	689.806351481831	-1.83141675649414	0.143977311561928	-12.7201760932062	4.56829526593539e-37	1.686454926567e-05
"Snx24"	927.71147864535	903.176565942692	348.624215968002	403.685394750101	645.799413826536	-1.28252542071158	0.138298346096545	-9.27361358187368	1.79943931941348e-20	0.00511773567582269
"Sod3"	2640.722586144	2508.40996768001	1101.02812087805	1192.98071881373	1860.78534837895	-1.16611206270518	0.0958013555449868	-12.1721875026872	4.37206210585895e-34	4.76604544142141e-05
"Soga2"	72.2231523945393	76.3510086673204	326.770160638665	308.287104945973	195.907856661624	2.09485031287566	0.234363836055219	8.93845376546102	3.9465353441186e-19	0.0079461321356874
"Sp100"	294.995974569245	296.092936051316	33.3014176447047	38.1593159216513	165.637411046729	-3.04717033590281	0.27932140024108	-10.909190392404	1.04180005340634e-27	0.000449960456159325
"Spon2"	6389.20591817044	6335.271499664	1445.48965964046	1649.88831734929	3954.96384870605	-2.03911365426661	0.0863187704778815	-23.6230618552325	2.23366100571373e-123	1.03494274082638e-13
"Spp1"	18442.3345480704	19363.3606859219	2338.38392023911	2518.51485082899	10665.6485012651	-2.96038522972531	0.0736206209169992	-40.2113591661076	0	1.03494274082638e-13
"Spry4"	522.854934236524	521.42152260609	169.629096127714	186.779809511241	350.171340620392	-1.55046169604585	0.175629572953982	-8.82802178453223	1.06543309056141e-18	0.00914799295009004
"Srgap1"	98.6710673559199	105.215414383015	679.557053812255	575.402316397532	364.71146298718	2.62063158806957	0.19052459626926	13.7548203191883	4.764629814526e-43	2.00674843012624e-06
"Srgap3"	129.187892311359	106.146524244811	469.341854930057	417.744090089657	280.605090393971	1.91642611527608	0.20318311312783	9.43201472688523	4.0228635417182e-21	0.00415676354738144
"Ssh3"	676.456286512234	662.950221599172	183.157797045876	237.993628248194	440.139483351369	-1.66806306349544	0.169990636552537	-9.81267614101744	9.929951074348e-23	0.00248032333082623
"St3gal1"	1989.69698709463	2041.92392691992	622.320242235419	556.322658436706	1302.56595367167	-1.77470864258773	0.108751697382585	-16.31890522448	7.24227689147795e-60	4.95142480779861e-09
"St8sia1"	1665.20141506846	1768.17762755172	634.808273852183	588.456819212834	1164.1610339213	-1.48934688185916	0.110900709339192	-13.4295523512295	4.05857430343826e-41	3.94024668368788e-06
"Stat1"	4092.30622652439	4115.50558914093	1906.50616015934	1939.09576433444	3013.35343503977	-1.09376725751448	0.0809744332256078	-13.5075629917294	1.41115855930074e-41	3.4842185118205e-06
"Stc1"	486.234744289997	447.86384352416	5.20334650698511	3.01257757276195	235.578627973476	-6.83516253962546	0.544881339907124	-12.5443138515085	4.27097687740042e-36	2.36130327384841e-05
"Stc2"	603.21590661918	569.839235419513	55.1554729740421	94.3940972798744	330.651178073152	-2.96827960595723	0.221051277832252	-13.4280137851533	4.14377065962019e-41	3.94024668368788e-06
"Sv2a"	1283.74110312547	1322.17600375116	420.430397764397	447.869865817276	868.554342614576	-1.58539434019293	0.121407833297539	-13.0584188608946	5.68972492791052e-39	8.39198460167753e-06
"Syn1"	632.715504076105	604.290300305987	207.093190978007	155.649841259367	399.937209154867	-1.77084158427193	0.178986988773002	-9.89368890114006	4.43381890765746e-23	0.00220687636700562
"Synpo"	2274.52068667873	2192.76372453097	795.071346267324	799.33724930617	1515.4232516958	-1.48624135168082	0.0992317816469475	-14.9774732148684	1.03061411941054e-50	1.3248841504092e-07
"Tagln"	4401.54338607284	4293.34757274408	1149.93957804371	1179.92621599843	2756.18918821476	-1.89978813195169	0.0850601192598204	-22.3346516379632	1.70250876801097e-110	1.03494274082638e-13
"Tbc1d9"	441.476734355353	443.208294215177	1521.45851864244	1492.23009104142	974.593409563598	1.76822660559698	0.115779373673344	15.2723801269282	1.16829780160691e-52	6.70165368234661e-08
"Tbkbp1"	185.135404729664	158.28867650542	629.604927345198	508.121417272515	370.287606463199	1.72928267846382	0.185739407772177	9.3102626911835	1.27516574316985e-20	0.00485192209920903
"Tead3"	1028.4170009983	972.07869571564	257.045317445064	254.060708636258	627.900430698815	-1.96849719392823	0.140203642617058	-14.0402714022548	8.83735428968695e-45	1.08168855996217e-06
"Tgtp1"	465.890194319704	560.528136801547	122.798977564848	121.507295434732	317.681151030208	-2.07164430202612	0.195649650545342	-10.5885407730183	3.36801067573602e-26	0.000766410620752379
"Thbd"	622.543229090959	594.048091826224	1262.33186259459	1276.32869832681	938.812970459645	1.06159623618906	0.115040447357231	9.22802597326937	2.75665193348264e-20	0.00541024405169712
"Thy1"	259.393012121233	272.815189506401	5.20334650698511	6.0251551455239	135.859175820036	-5.56530411339592	0.498600425451648	-11.1618519144959	6.26722630399628e-29	0.000294887045036507
"Timp1"	2394.55353150346	2405.98788288239	919.951662434967	1006.20090930249	1681.67349653083	-1.31724203257263	0.0980119788742005	-13.4396024618922	3.54335052808342e-41	3.89461391619693e-06
"Timp2"	54122.6062859699	52690.5759692072	23734.5447569619	23228.9814710431	38444.1771207955	-1.18547504534925	0.0624428621598493	-18.9849568764885	2.27122622949584e-80	2.83087279108392e-12
"Tinf2"	593.043631634034	594.048091826224	1222.7864291415	1196.99748891075	901.718910378126	1.02739582821561	0.116077656583467	8.85093530016997	8.67888635409437e-19	0.00887880590952372
"Tjp2"	1291.87892311359	1284.93160927929	2872.24727185578	2652.07245655477	2025.28256520086	1.10014406513345	0.0927412773200182	11.8625071481088	1.85340894446788e-32	8.65073235392502e-05
"Tmem2"	1713.01110749865	1662.03110330691	3795.32094219494	3360.02818615383	2632.59783478858	1.08413455122726	0.0919869631254014	11.7857413093344	4.62334302182311e-32	0.00010033902318292
"Tmem45a"	2108.71260442085	2179.72818646582	853.348827145557	860.592993285663	1500.59565282947	-1.3232201720694	0.0989052188989682	-13.3786688589312	8.05775275157719e-41	4.38637362508978e-06
"Tnc"	4058.73771907341	3933.0080562288	1568.28863720531	1393.81922366453	2738.46340904301	-1.43207310583031	0.0902752948483699	-15.86339992836	1.13575265009923e-56	1.54851266863982e-08
"Tnfaip2"	768.006761378552	699.263506209239	259.126656047858	267.115211451559	498.378033771802	-1.47880980763359	0.151989205418813	-9.72970286645467	2.25249951671679e-22	0.00279225970014902
"Tnfrsf10b"	397.735951919224	409.6883391905	875.202882474895	1012.22606444801	673.713309508158	1.225030266818	0.137496209253042	8.90955665958403	5.12370332569608e-19	0.00823007372432312
"Tnfrsf21"	90.5332473678028	95.9043157650488	602.547525508875	564.356198630738	338.335321818116	2.64493616196035	0.191416049688278	13.8177345435121	1.99242034376988e-43	1.80226280758765e-06
"Tnfrsf23"	1759.80357243032	1816.59534036515	801.315362075706	697.913804356518	1268.90701980692	-1.25477424898308	0.110426452777849	-11.3629861090202	6.3921660033393e-30	0.00021108142828203
"Tnfsf13b"	309.23715954845	297.955155774909	42.6674413572779	63.2641290280009	178.280971427159	-2.51655401592981	0.264235805145774	-9.52389482016441	1.66807316022322e-21	0.00366553371099778
"Tor3a"	1275.60328313736	1265.37830218157	535.944690219466	556.322658436706	908.312233493774	-1.21790076738937	0.116871627625098	-10.4208420139075	1.99181907102161e-25	0.000979024323848445
"Tpcn1"	5910.09176637005	5783.12335161862	2672.43876598755	2514.49808073197	4220.03799117705	-1.17277761832081	0.0779699911559053	-15.0413973496005	3.93162508281124e-51	1.13968522890924e-07
"Trf"	4156.39155893081	4393.90743781811	107.188938043893	97.4066748526363	2188.72365241136	-5.38614160024876	0.134382165175721	-40.0807770376799	0	1.03494274082638e-13
"Trib2"	482.165834295939	500.005995784769	86.3755520159527	90.3773271828584	289.73117731988	-2.47412043912003	0.202503928445261	-12.2176416927577	2.50238935811157e-34	4.35060785056886e-05
"Trim30a"	750.713893903803	886.416588430353	276.818034171608	182.763039414225	524.177888979997	-1.8345295518208	0.183396113175233	-10.0030994117521	1.47700481310831e-23	0.00187666627781371
"Trim30d"	424.183866880604	459.968271727515	135.287009181613	104.436022522414	280.968792578037	-1.88446821413379	0.205182748214995	-9.18434045029559	4.14056875368446e-20	0.00572953583104016
"Tspan15"	101.722749851464	121.044282033557	579.652800878141	646.699985619565	362.279954595681	2.45857937114674	0.187481025556274	13.1137503854158	2.74672313412276e-39	7.50324957494625e-06
"Tspan17"	17.2928674747489	22.3466366831182	237.272600718521	272.136174072829	137.262069737304	3.67880675315614	0.333429624547362	11.0332330492535	2.64193361283205e-28	0.000367710579653082
"Tspan8"	249.220737136086	306.335144531078	705.57378634718	833.479795130806	523.652365786288	1.46860593272403	0.161704296921176	9.08204643096105	1.06552299259347e-19	0.00658198158179108
"Tubb4b"	3793.24134196109	3520.52638745291	7545.8931044298	7784.50044801687	5661.04032046517	1.06795124359404	0.0759181372754537	14.0671423446441	6.04636984207891e-45	1.02240619244535e-06
"Tulp4"	8713.57075227639	9042.00786790668	4690.29654139637	4008.7365568219	6613.65292960034	-1.02951655458022	0.0852296016474762	-12.079330827316	1.35820559564687e-33	5.64397842917112e-05
"Wipf1"	516.751569245436	419.930547670262	64.5214966866153	74.3102467947947	268.878465099277	-2.75258871572052	0.225028362033396	-12.2321857158255	2.09231749616484e-34	4.24153730328005e-05
"Wls"	3404.66043752849	3593.15295667304	7328.39322043782	7594.70806093287	5480.22866889306	1.09242200841805	0.0747909528533399	14.6063389586734	2.55904737265712e-48	3.14011390159578e-07
"Wnt7a"	72.2231523945393	57.7288114313886	429.79642147697	484.02079669042	260.942295498329	2.81762747089215	0.224014441864686	12.5778831375261	2.79417205219477e-36	2.2076402090207e-05
"Wwc1"	2437.27708644107	2243.04365706798	4986.88729229452	4665.478467684	3583.1716258719	1.04453387301999	0.0842822819347333	12.3932794537867	2.84179748023172e-35	3.10596851441583e-05
"Zadh2"	2487.12123386829	2451.61226611042	1104.15012878224	1064.44407570922	1776.83192611754	-1.18743401107697	0.0936856936289349	-12.6746567707562	8.1715587534931e-37	1.82991347253499e-05
"Zcchc11"	760.886168888949	744.887889437272	1856.55403369229	1637.83800705825	1250.04152476919	1.21450636934428	0.110784350009919	10.962797265458	5.7688200218049e-28	0.000409190772388043
"Zdhhc15"	286.858154581128	283.98850784796	49.952126467057	56.234781358223	169.258392563592	-2.42572289221205	0.259136652425717	-9.3607865560716	7.91452816446579e-21	0.00452834199470355
"Zfp422"	10.1722749851464	5.58665917077954	241.435277924109	245.022975917972	125.554296999502	4.96322123633301	0.441441907962971	11.2432035717582	2.50137135936673e-29	0.000256756182351948
"Zfp521"	525.906616732068	500.937105646565	1362.2361155287	1213.06456929881	900.536101801536	1.32672498922342	0.122772494437985	10.8063699063603	3.21127434806642e-27	0.000534585297411299
