EntrezID	K70_1	K70_2	K70_3	K70MD_1	K70MD_2	K70MD_3	K70P10_1	K70P10_2	K70P10_3	NKO70_1	NKO70_2	NKO70_3
ABCA13	241.4754269	236.2350682	237.1920795	499.064422	512.4314744	468.0844826	564.2534094	520.6552593	432.6227893	306.1177828	331.1745039	291.4792314
ABCA4	5.704143941	7.822353253	6.439603969	74.62645563	54.99918966	71.1304851	33.15654872	32.90386397	26.37943837	4.001539644	5.341524257	1.88051117
ABCA8	2.852071971	7.822353253	2.146534656	24.87548521	34.87753491	33.27071077	28.4198989	38.7104282	16.88284056	0	6.409829108	4.701277926
ACBD7	77.00594321	98.56165099	113.7663368	317.1624364	328.6536943	316.6453853	242.7533031	270.3278236	189.9319563	90.034642	80.12286385	99.66709203
ACE2	1.901381314	7.040117928	3.219801984	65.29814868	80.48661901	60.8050921	24.86741154	21.29073551	21.1035507	1.000384911	3.204914554	1.88051117
ACER2	54.18936744	30.50717769	44.00396045	247.2001343	195.8507729	228.3059119	103.0221335	101.2922871	140.3386121	68.02617396	50.21032801	62.99712421
ACHE	10.45759723	13.29800053	16.09900992	76.18117346	52.31630236	92.92853699	34.9327924	56.7752947	36.93121372	6.002309467	17.09287762	6.581789096
ACSF2	183.4832968	191.6476547	153.4772279	363.8039712	346.0924618	395.8067316	531.688942	504.5259143	304.9463076	151.0581216	152.7675937	77.10095798
ACTBL2	132.1460013	141.5845939	132.0118814	1159.819498	1031.570167	1071.54634	264.6603085	307.7479042	534.9750102	200.0769822	201.9096169	174.8875388
ACTG1P17	6.654834598	12.5157652	15.02574259	38.86794564	59.02352061	37.85977433	24.86741154	37.4200806	35.87603619	4.001539644	8.546438811	11.28306702
ACVR2B	144.5049798	128.2865933	115.9128714	40.42266347	34.87753491	49.33243322	71.04974725	74.84016119	45.372634	74.02848342	110.0353997	113.7709258
ADAMTS14	2.852071971	0.782235325	8.586138625	20.21133173	20.12165475	25.23984955	59.20812271	69.67877077	21.1035507	1.000384911	3.204914554	1.88051117
ADAMTS17	42.78107956	45.36964887	25.75841588	155.4717826	163.6561253	160.6172244	130.25787	127.7444131	80.19349265	37.01424171	45.93710861	50.7738016
ADGRF4	0.950690657	0.782235325	2.146534656	157.0265004	109.9983793	76.86681455	114.8637581	102.5826347	109.7384636	6.002309467	4.273219405	4.701277926
ADGRG2	30.42210102	28.16047171	26.8316832	113.4944013	131.4614777	130.7883113	170.5193934	189.0359244	50.64852167	46.01770591	49.14202316	47.01277926
ADSS1	57.04143941	81.35247383	70.83564366	155.4717826	211.9480967	181.2680104	123.7449765	170.9710579	168.8284056	74.02848342	45.93710861	45.13226809
AKAP12	110.2801162	147.0602412	106.2534655	293.8416691	272.313061	430.2247083	893.4505717	980.0190074	197.318199	55.02117011	48.07371831	55.47507953
AKR1B10	11855.11249	10298.12806	11924.00002	4045.375782	3915.674015	3600.120359	2117.874549	2100.685904	4912.906602	4737.822939	4718.702528	4315.773136
AKR1B15	91.26630306	86.82812111	68.689109	27.98492086	33.53609126	17.20898833	11.24954332	20.00038791	20.04837316	39.01501153	42.73219405	26.32715638
AKR1C2	64475.84035	57121.95239	61365.13275	21599.69475	20981.52013	18446.88823	7271.34955	6679.484387	22389.81211	29380.30445	27263.13981	25490.32891
AKR1C3	4364.620806	4015.213925	4686.958422	2075.548297	2096.676425	1915.934034	473.0729005	430.9761007	2150.451816	2851.096997	2563.931643	2445.604777
ANGPTL4	27.57002905	36.76506029	42.93069313	125.9321439	99.26683012	177.8262128	328.0129998	254.1984785	215.2562171	57.02193993	28.84423099	45.13226809
ANKDD1A	9.506906569	25.81376573	11.80594061	48.1962526	57.68207696	65.39415566	40.85360467	48.38803526	49.59334414	20.00769822	11.75135336	21.62587846
ANKRD1	1321.460013	1478.424765	1471.449507	7092.622721	7643.545919	7192.209857	9628.424915	10006.64569	5187.252761	2033.782524	2046.872095	2065.741521
ANO2	128.3432387	125.9398874	115.9128714	551.9248281	602.308199	595.4309963	193.01848	230.9722216	336.6016336	137.0527328	158.109118	147.6201269
APBB1	39.92900759	46.15188419	38.63762381	93.28306954	80.48661901	87.19220755	79.93096566	103.8729823	94.96597814	26.01000769	27.77592613	39.49073458
APLF	38.02762628	26.59600106	21.46534656	97.94722302	75.12084441	121.6101842	88.81218407	100.6471133	58.03476442	27.0103926	26.70762128	19.74536729
AREG	984.9155206	980.1408626	946.6217834	6794.116898	7555.010638	6465.990549	2003.602873	1820.680473	2781.447982	1881.724018	2101.355643	1669.893919
ARHGAP18	739.6373311	756.4215595	722.3089118	189.6755747	194.5093293	178.9734786	409.7202092	409.0401914	194.1526664	389.1497304	439.0732939	503.0367381
ARHGAP26	77.00594321	79.78800318	70.83564366	158.5812182	136.8272523	175.531681	287.7514764	307.1027304	115.0143513	54.0207852	59.82507167	65.81789096
ARHGAP29-AS1	1.901381314	0	4.293069313	96.39250519	154.2660198	113.579323	11.24954332	8.387259444	43.26227893	5.001924556	4.273219405	0
ARHGDIA	6670.99634	6740.521798	7007.362385	1166.038369	1352.175199	1680.744527	2441.150899	2436.821455	2440.625638	6980.68591	6917.273912	6840.359382
ARHGDIB	242.4261175	187.7364781	167.4297032	1753.721707	1707.657767	1733.518758	360.5774673	429.0405793	647.8790064	369.1420322	358.95043	340.3725218
ARHGDIG	5.704143941	10.16905923	20.39207923	158.5812182	126.0957031	127.3465137	33.15654872	43.87181863	67.53136223	16.00615858	14.95626792	9.402555852
ARHGEF28	96.970447	93.86823903	81.56831694	194.3397282	211.9480967	178.9734786	338.0783807	329.0386397	126.6213042	62.02386449	74.78133959	92.14504735
ART5	1.901381314	1.564470651	3.219801984	38.86794564	36.21897856	47.03790144	10.65746209	10.96795466	33.76568112	3.001154733	2.136609703	0
ASB2	8.556215912	6.257882602	0	24.87548521	53.65774601	30.976179	31.38030504	26.45212594	52.75887674	6.002309467	10.68304851	5.641533511
ASRGL1	42.78107956	60.23212005	40.78415847	212.9963421	181.0948928	156.0281609	130.25787	114.1957632	151.945565	46.01770591	49.14202316	32.90894548
ATF3	668.3355318	684.4559096	780.2653476	3498.115108	3244.95219	3171.042917	1194.819916	1172.280801	2255.96957	723.2782907	669.8271418	739.9811455
ATP13A4	0	0	0	10.88302478	8.048661901	8.030861221	7.697055953	6.451738034	10.55177535	3.001154733	0	3.761022341
ATP6V0A4	5.704143941	7.040117928	17.17227725	77.73589128	59.02352061	57.36329444	41.4456859	36.77490679	42.2071014	16.00615858	3.204914554	8.462300267
ATRNL1	25.66864774	18.77364781	20.39207923	119.7132726	56.34063331	84.89767577	48.55066062	44.51699243	60.14511949	18.0069284	14.95626792	34.78945665
AZGP1	6.654834598	7.040117928	8.586138625	104.1660943	115.3641539	87.19220755	26.64365522	25.80695214	36.93121372	7.002694378	8.546438811	13.16357819
BCO2	16.16174117	5.475647277	6.439603969	62.18871303	44.26764046	59.65782622	34.34071117	34.19421158	35.87603619	7.002694378	7.478133959	8.462300267
BCYRN1	289.0099597	412.2380164	423.9405946	152.3623469	85.85239362	107.8429935	11.84162454	25.16177833	128.7316593	529.203618	575.8163149	661.939932
BIRC3	23.76726642	30.50717769	13.95247527	217.6604956	155.6074634	187.0043399	146.8361443	149.6803224	68.58653977	39.01501153	35.25406009	38.55047899
BPIFC	10.45759723	10.16905923	12.87920794	105.7208121	87.19383727	100.9593982	39.66944222	52.25907808	36.93121372	3.001154733	1.068304851	3.761022341
C11orf96	3.802762628	9.386823903	5.366336641	57.52455955	92.55961187	71.1304851	61.57644762	61.93668513	56.97958688	4.001539644	3.204914554	2.820766756
C1QTNF2	8.556215912	6.257882602	4.293069313	46.64153477	48.29197141	51.62696499	37.89319854	26.45212594	34.82085865	9.0034642	17.09287762	14.10383378
C1S	139.7515266	136.8911819	182.4554458	531.7134964	465.4809466	433.6665059	586.7524961	645.1738034	341.8775213	42.01616627	33.11745039	38.55047899
C3orf52	240.5247362	232.3238916	216.8000003	1082.083607	1208.640729	916.6654451	473.6649817	419.3629722	793.4935062	316.1216319	315.1499311	250.1079857
C7orf57	66.54834598	85.26365046	71.90891099	425.9926842	395.7258768	385.4813386	222.0304602	201.9394005	295.4497098	139.0535026	147.4260695	166.4252386
C7orf65	0	0	0	46.64153477	12.07299285	34.41797666	4.14456859	12.90347607	6.331065209	1.000384911	5.341524257	4.701277926
CA13	10.45759723	5.475647277	2.146534656	20.21133173	30.85320396	24.09258366	31.97238626	15.48417128	28.48979344	15.00577367	8.546438811	25.3869008
CACNA1A	1.901381314	0.782235325	2.146534656	15.54717826	13.4144365	30.976179	22.49908663	14.19382367	14.77248549	0	1.068304851	0.940255585
CALCOCO1	241.4754269	192.42989	213.5801983	460.1964764	444.0178482	456.6118237	499.7165557	605.8182014	282.7875793	201.0773671	205.1145315	204.035462
CAMK2N1	548.548509	550.693669	526.9742581	1333.947894	1444.734811	1140.382293	1003.57768	1065.181949	1193.405792	593.2282523	564.0649615	554.7507953
CAPG	139.7515266	135.3267113	119.1326734	710.5060463	668.0389378	665.4142155	413.2726965	415.4919294	484.3264885	172.0662047	210.4560557	177.7083056
CARD16	36.12624496	55.53870809	64.39603969	279.8492086	225.3625332	229.4531778	100.0617274	87.09846346	266.9599163	39.01501153	28.84423099	37.61022341
CARD8-AS1	37.07693562	30.50717769	33.27128717	141.4793221	151.5831325	134.230109	59.20812271	71.61429218	111.8488187	38.01462662	43.8004989	28.20766756
CASP1	142.6035985	135.3267113	120.2059408	455.5323229	409.1403133	385.4813386	422.1539149	380.652544	625.7202782	93.03579673	88.66930266	105.3086255
CASP10	26.61933839	14.08023586	16.09900992	59.07927738	48.29197141	49.33243322	61.57644762	63.87220654	79.13831512	6.002309467	4.273219405	15.98434495
CBX3P2	20.91519445	17.20917716	26.8316832	83.95476259	71.09651346	49.33243322	79.93096566	65.16255414	34.82085865	22.00846804	26.70762128	20.68562287
CCDC103	93.16768438	79.00576785	61.1762377	205.222753	159.6317944	128.4937795	154.5332003	160.0031032	238.4701229	125.0481139	120.7184482	107.1891367
CCDC136	144.5049798	136.8911819	105.1801982	63.74343085	38.90186586	69.98321921	481.3620376	527.7521712	124.5109491	61.02347958	90.80591236	87.44376942
CCDC80	22.81657577	23.46705976	31.12475252	69.96230216	89.87672457	118.1683865	201.3076172	196.77801	50.64852167	3.001154733	11.75135336	14.10383378
CCM2L	44.68246087	27.37823638	56.88316839	118.1585548	115.3641539	112.4320571	168.7431497	160.648277	208.9251519	43.01655118	21.36609703	41.37124575
CCN2	53.23867679	50.06306082	57.95643572	124.3774261	130.1200341	160.6172244	126.1133014	127.0992393	134.0075469	45.017321	53.41524257	62.05686862
CCN5	87.46354044	82.91694448	77.27524763	649.8720511	469.5052776	527.7423088	185.9135053	163.8741461	302.8359525	82.03156271	92.94252206	103.4281144
CD274	34.22486365	61.7965907	33.27128717	121.2679904	116.7055976	123.904716	110.1271082	101.2922871	146.6696773	50.01924556	56.62015712	53.59456835
CD33	7.605525255	4.693411952	4.293069313	23.32076739	30.85320396	19.50352011	15.98619313	21.29073551	28.48979344	2.000769822	9.614743662	3.761022341
CD83	87.46354044	102.4728276	86.93465358	279.8492086	279.0202792	323.5289806	243.9374656	245.8112191	299.6704199	87.03348727	130.3331919	129.7552708
CDH23	18.06312248	15.64470651	17.17227725	32.64907434	89.87672457	55.06876266	87.03594039	81.93707303	55.92440935	14.00538876	19.22948732	12.22332261
CDH24	251.9330241	282.3869524	274.756436	716.7249176	733.7696767	898.3091909	918.3179833	943.8892744	678.4791549	232.0892994	211.5243606	193.6926505
CEACAM1	38.97831693	78.22353253	33.27128717	97.94722302	138.168696	123.904716	148.0203068	172.2614055	97.07633321	31.01193224	42.73219405	58.29584628
CEND1	133.096692	165.0516536	169.5762378	37.31322782	14.75588015	21.79805189	53.87939167	30.96834256	29.54497098	86.03310236	104.6938754	75.22044681
CFLAR	33.27417299	61.01435537	48.29702977	155.4717826	163.6561253	173.2371492	114.2716768	150.97067	155.1110976	60.02309467	90.80591236	37.61022341
CGB8	12.35897854	9.386823903	9.659405953	69.96230216	46.95052776	59.65782622	30.78822381	21.29073551	42.2071014	6.002309467	9.614743662	7.522044681
CHST2	23.76726642	15.64470651	24.68514855	63.74343085	67.07218251	48.18516733	51.51106676	58.06564231	83.35902526	35.01347189	33.11745039	38.55047899
CIRBP	2642.920026	2737.823638	2322.550498	674.7475363	735.1111203	727.3665735	1240.410171	1067.117471	1349.572067	2968.142031	2831.007856	2462.529378
CITED2	705.4124674	753.2926182	760.9465357	3648.922737	3766.77377	4600.536214	1924.263988	2108.42799	2401.584069	909.3498842	867.4635393	835.8872152
CKMT2-AS1	37.07693562	43.02294289	46.15049511	69.96230216	108.6569357	110.1375253	145.6519819	109.6795466	59.08994195	49.01886064	48.07371831	74.28019123
CLDN1	1274.876171	1300.075111	1260.015843	4813.406388	4530.055207	4564.970971	2830.740347	2836.18404	3006.200797	1641.631639	1498.831706	1541.078904
CNN1	66.54834598	44.58741354	89.08118824	306.2794117	372.9213348	305.1727264	172.8877183	147.0996272	199.4285541	129.0496535	177.3386053	161.7239607
COL16A1	36.12624496	32.85388366	45.07722778	107.27553	76.46228806	88.33947343	212.5571605	232.907743	105.5177535	24.00923787	25.63931643	43.25175692
COQ10A	144.5049798	131.4155346	118.0594061	525.4946251	477.5539395	558.7184878	242.1612219	249.6822619	386.1949778	199.0765973	220.0707994	170.1862609
CPA4	4087.969825	3769.592033	4060.170302	20233.09778	19814.46416	18589.1492	7709.489658	7474.338512	11251.35805	5356.060814	5621.420128	5236.283354
CPA6	152.1105051	158.793771	166.3564359	63.74343085	96.58394282	74.57228277	52.69522921	38.7104282	87.57973539	169.06505	136.743021	179.5888168
CPE	26.61933839	32.85388366	34.3445545	74.62645563	88.53528092	87.19220755	174.663962	153.5513652	84.41420279	35.01347189	18.16118247	44.1920125
CPNE7	144.5049798	151.7536531	123.4257427	404.2266347	464.139503	290.2582699	332.7496496	296.7799496	301.780775	169.06505	153.8358986	185.2303503
CRABP1	1.901381314	3.128941301	1.073267328	90.17363389	69.75506981	96.37033466	45.59025449	49.03320906	60.14511949	7.002694378	3.204914554	5.641533511
CREB5	61.7948927	89.95706241	91.22772289	292.2869512	226.7039769	232.8949754	447.6134077	449.686141	296.5048873	58.02232485	57.68846197	66.75814655
CRTAC1	15.21105051	10.95129455	16.09900992	71.51701998	64.38929521	67.68868744	103.0221335	96.13089671	27.43461591	11.00423402	8.546438811	8.462300267
CRYAB	940.2330597	920.6909779	1000.28515	5707.369138	5703.818401	5981.844344	2656.668466	2463.273581	4139.461469	1090.419553	1093.944168	960.0009525
CSPG4	252.8837147	282.3869524	203.9207923	77.73589128	103.2911611	145.7027679	786.2838696	805.8220804	330.2705684	112.04311	134.6064113	151.3811492
CTDSP2	4229.622733	4108.299928	4308.095055	848.8759328	893.4014711	1115.142444	2147.478611	2071.007909	1733.65669	3832.474595	3566.001594	3424.410841
CTSS	3.802762628	4.693411952	0	21.76604956	29.51176031	19.50352011	13.61786822	16.77451889	18.99319563	2.000769822	2.136609703	0
CTSV	2193.243345	2145.671497	1914.708913	16764.52231	16152.32299	14245.60054	7261.284169	6467.222205	4983.603497	3788.457658	3965.547608	4000.787515
CTU2	544.7457464	466.2122539	470.0910897	188.1208569	207.9237658	204.2133282	158.0856876	134.8413249	263.7943837	842.3240952	842.8925277	748.4434458
CYP2J2	8.556215912	11.73352988	6.439603969	74.62645563	79.14517536	80.30861221	53.87939167	40.00077581	52.75887674	14.00538876	19.22948732	13.16357819
DAAM1	166.370865	214.3324791	160.9900992	1851.66893	1825.704808	1748.433214	1020.155954	1081.311295	503.3196841	220.0846804	256.3931643	270.7936085
DAB2	8.556215912	19.55588313	6.439603969	54.4151239	37.56042221	57.36329444	74.60223462	87.74363726	47.48298907	6.002309467	9.614743662	9.402555852
DAPP1	11.40828788	10.95129455	10.73267328	195.894446	152.9245761	199.6242646	78.74680321	78.71120402	91.80044553	11.00423402	13.88796307	13.16357819
DBP	340.3472552	339.4901312	345.5920797	161.6906539	134.144365	184.7098081	106.5746209	96.77607051	177.2698259	172.0662047	148.4943743	164.5447274
DDIT4	4599.441398	4731.741483	4301.655451	718.2796355	678.770487	552.9821584	794.5730068	672.2711031	1427.655205	2263.871054	2091.740899	2175.751424
DFFB	170.1736276	190.8654194	162.0633666	76.18117346	71.09651346	61.95235799	83.48345302	72.25946598	100.2418658	239.0919938	257.4614692	194.6329061
DHRS2	416.4025077	407.5446045	426.0871293	6.218871303	8.048661901	5.736329444	55.06355412	78.06603021	90.745268	393.1512701	367.4968689	411.8319463
DHRS9	69.40041795	52.40976679	45.07722778	670.0833829	548.6504529	440.5501013	168.1510685	161.2934509	391.4708654	61.02347958	69.43981534	62.05686862
DIO3	16.16174117	26.59600106	32.19801984	116.6038369	83.16950631	104.4011959	79.33888443	63.87220654	87.57973539	48.01847573	36.32236494	42.31150133
DMD	13.3096692	11.73352988	19.31881191	60.6339952	44.26764046	30.976179	45.59025449	61.29151132	22.15872823	15.00577367	22.43440188	29.14792314
DNAH5	17.11243182	17.20917716	9.659405953	37.31322782	53.65774601	33.27071077	52.10314799	54.83977329	34.82085865	14.00538876	17.09287762	12.22332261
DNAJC12	2.852071971	3.128941301	10.73267328	104.1660943	93.90105552	95.22306877	23.68324908	20.00038791	45.372634	8.003079289	9.614743662	5.641533511
DNAJC22	240.5247362	200.2522433	173.8693072	758.7022989	784.7445354	690.654065	603.3307704	585.8178135	530.7543	226.0869899	230.7538479	219.0795513
DOCK8	60.84420204	44.58741354	38.63762381	211.4416243	233.4111951	193.8879352	168.1510685	201.2942267	81.24867019	27.0103926	32.04914554	36.66996782
DRAM1	264.2920026	241.7107155	258.6574261	656.0909224	629.137072	566.749349	451.7579763	466.4606599	640.4927637	324.1247112	358.95043	271.7338641
DUSP4	176.8284622	241.7107155	204.9940597	559.6984172	504.3828125	531.1841065	576.6871152	621.3023727	590.8994195	281.10816	284.1690905	313.1051099
DUSP5	223.4123044	243.2751862	223.2396043	778.9136307	757.9156624	821.4423763	598.5941206	616.1409822	624.6651006	263.1012316	262.8029934	202.1549508
DYDC1	0	0.782235325	0	6.218871303	20.12165475	6.883595333	6.512893498	3.87104282	17.93801809	2.000769822	0	0
DYDC2	1.901381314	14.08023586	2.146534656	26.43020304	61.70640791	36.71250844	29.01198013	14.19382367	72.80724991	8.003079289	2.136609703	7.522044681
EBI3	0.950690657	2.346705976	2.146534656	35.75850999	46.95052776	41.301572	18.35451804	14.19382367	16.88284056	4.001539644	1.068304851	9.402555852
ECM1	125.4911667	136.1089466	143.817822	245.6454165	257.5571808	331.5598419	558.3325972	518.0745641	359.8155394	101.038876	101.4889609	89.32428059
EDIL3	1511.598144	1417.410409	1368.415843	489.7361151	484.2611577	374.0086797	465.9679257	473.5575717	542.3612529	1255.483063	1247.780066	1353.027787
EDIL3-DT	344.1500178	366.0861322	328.4198024	149.2529113	182.4363364	173.2371492	88.22010284	82.58224684	184.6560686	493.1897612	513.8546335	405.2501572
EFNA1	107.4280442	103.2550629	116.9861388	511.5021646	439.9935173	446.2864307	211.3729981	181.9390126	327.1050358	145.0558121	111.1037045	87.44376942
EGFL6	231.9685203	230.759421	220.0198023	1528.287623	1542.660198	1415.726107	400.8389908	336.1355516	781.8865533	208.0800615	211.5243606	218.1392958
ELMO1	29.47141036	25.03153041	17.17227725	79.29060911	59.02352061	89.48673932	40.85360467	67.74324936	64.36582963	5.001924556	20.29779218	9.402555852
EMID1	96.970447	103.2550629	70.83564366	282.9586443	207.9237658	196.182467	268.2127959	225.8108312	294.3945322	79.03040798	97.21574147	73.33993564
EMILIN2	2.852071971	3.911176626	3.219801984	17.10189608	17.43876745	20.650786	72.23390971	72.25946598	10.55177535	1.000384911	6.409829108	17.86485612
EMP1	709.2152301	657.8599086	782.4118822	1994.70297	1903.50854	1899.872312	1747.231701	1704.549189	1795.912164	1277.491532	1403.752575	1475.261013
EMX1	92.21699372	72.74788525	80.49504961	4.664153477	9.390105552	28.68164722	47.9585794	32.25869017	34.82085865	107.0411855	49.14202316	60.17635745
EOMES	14.26035985	7.040117928	8.586138625	24.87548521	36.21897856	34.41797666	40.26152344	40.00077581	29.54497098	6.002309467	2.136609703	15.98434495
EPHA3	73.20318058	98.56165099	68.689109	6.218871303	10.7315492	12.61992478	42.03776713	40.64594961	34.82085865	78.03002307	61.96168138	76.1607024
ERG	0	0	0	12.43774261	17.43876745	1.147265889	5.920812271	14.19382367	2.11035507	1.000384911	1.068304851	0
EVA1A	21.86588511	25.81376573	21.46534656	200.5585995	215.9724277	229.4531778	49.14274185	49.67838286	105.5177535	47.01809082	35.25406009	44.1920125
EXOSC6	935.4796064	918.3442719	920.8633676	377.7964316	411.8232006	426.7829106	471.888738	440.0085339	414.6847712	948.3648957	1029.845877	1019.237054
FADS2	6077.76537	6164.014363	5637.873275	883.079725	849.1338306	926.9908381	2883.435576	2791.667047	1894.043675	3239.246342	3010.483071	3705.547261
FAF1	935.4796064	873.7568583	941.2554468	360.6945356	347.4339054	340.737969	329.7892435	330.3289873	501.2093291	1069.41147	1056.553498	1025.818843
FAM111B	230.067139	280.8224818	230.7524756	83.95476259	97.92538647	122.7574501	1287.776669	1284.541043	185.7112461	104.0400308	119.6501433	178.6485612
FAM133A	0.950690657	5.475647277	4.293069313	27.98492086	38.90186586	27.53438133	23.09116786	30.32316876	13.71730795	1.000384911	6.409829108	3.761022341
FAM228B	60.84420204	55.53870809	64.39603969	287.6227977	270.9716173	238.6313049	143.283657	160.0031032	245.8563656	60.02309467	71.57642504	71.45942447
FAM241A	55.1400581	51.62753147	30.05148519	191.2302926	127.4371468	120.4629183	79.33888443	103.8729823	173.0491157	46.01770591	64.09829108	60.17635745
FAM66C	43.73177022	39.11176626	42.93069313	135.2604508	120.7299285	131.9355772	90.58842775	69.67877077	94.96597814	36.0138568	20.29779218	31.02843431
FAM86C2P	203.4478006	165.833889	210.3603963	52.86040607	49.63341506	32.12344489	54.47147289	58.06564231	61.20029702	238.0916088	239.3002867	202.1549508
FAS	23.76726642	11.73352988	10.73267328	189.6755747	191.826442	178.9734786	44.99817326	50.96873047	87.57973539	9.0034642	6.409829108	9.402555852
FASN	9510.709332	9484.603319	9383.57625	1005.902433	1073.15492	1954.941074	5168.869113	5073.001616	2882.745025	7099.731714	6546.572129	7315.188453
FBLN5	55.1400581	68.0544733	61.1762377	231.652956	252.1914062	408.4266564	316.1713753	350.9745491	187.8216012	30.01154733	44.86880376	51.71405718
FBP1	1.901381314	10.95129455	8.586138625	225.4340847	268.28873	232.8949754	22.49908663	26.45212594	50.64852167	18.0069284	14.95626792	6.581789096
FBXL17	310.8758448	310.5474241	327.3465351	80.84532694	99.26683012	113.579323	150.3886317	136.1316725	156.1662752	267.1027713	273.4860419	309.3440875
FBXO32	128.3432387	138.4556526	110.5465348	460.1964764	384.9943276	497.9133957	248.0820342	288.3926901	221.5872823	99.0381062	96.14743662	83.68274708
FGF1	26.61933839	38.32953094	37.56435649	149.2529113	179.7534491	133.0828431	117.8241642	107.7440252	163.5525179	41.01578136	24.57101158	21.62587846
FHL1	296.615485	251.0975394	257.5841588	1054.098686	1061.081927	929.2853699	593.2653896	590.3340301	801.9349265	309.1189375	255.3248595	287.7182091
FIBCD1	134.9980733	154.8825944	98.74059419	261.1925947	291.0932721	304.0254605	334.5258933	309.0382518	337.6568112	159.0612009	148.4943743	172.0667721
FJX1	1638.040002	1629.396183	1475.742576	677.856972	697.5506981	618.376314	737.733209	650.9803676	718.5759012	1904.732871	1738.131993	1649.208296
FLG2	24.71795708	14.86247118	10.73267328	1.554717826	2.6828873	0	0.592081227	3.225869017	0	1.000384911	0	39.49073458
FLVCR2	33.27417299	13.29800053	25.75841588	60.6339952	61.70640791	75.71954866	66.90517866	56.7752947	75.97278251	11.00423402	26.70762128	38.55047899
FOSB	31.37279168	32.85388366	64.39603969	155.4717826	246.8256316	282.2274086	355.2487363	323.2320755	273.2909815	33.01270207	41.6638892	58.29584628
FSTL1	38.97831693	38.32953094	46.15049511	130.5962974	114.0227103	118.1683865	106.5746209	121.9378488	99.18668828	47.01809082	42.73219405	18.8051117
FSTL3	97.92113766	107.9484749	92.30099022	295.3963869	248.1670753	292.5528016	338.6704619	298.0702972	251.1322533	166.0638952	169.8604714	149.500638
GAS2L1P2	3.802762628	0.782235325	1.073267328	71.51701998	33.53609126	47.03790144	30.78822381	24.51660453	22.15872823	4.001539644	1.068304851	0
GATA6-AS1	6.654834598	6.257882602	4.293069313	212.9963421	178.4120055	193.8879352	13.61786822	25.80695214	31.65532605	14.00538876	6.409829108	8.462300267
GBP3	39.92900759	31.28941301	16.09900992	80.84532694	63.04785156	59.65782622	198.3472111	190.326272	59.08994195	29.01116242	42.73219405	23.50638963
GBX1	0	0	1.073267328	20.21133173	13.4144365	18.35625422	18.94659927	6.451738034	5.275887674	1.000384911	1.068304851	6.581789096
GDF15	517.1757174	703.2295574	599.9564364	1937.178411	1958.507729	2219.959495	1349.353117	1185.184277	1267.268219	358.1377982	372.8383931	394.9073458
GFRA3	0.950690657	6.257882602	4.293069313	46.64153477	48.29197141	78.01408044	21.31492418	21.29073551	13.71730795	9.0034642	3.204914554	5.641533511
GGT7	8.556215912	6.257882602	4.293069313	35.75850999	20.12165475	28.68164722	20.13076172	21.93590932	25.32426084	3.001154733	7.478133959	1.88051117
GGTLC2	0	1.564470651	0	37.31322782	52.31630236	40.15430611	11.84162454	12.25830226	9.496597814	0	0	3.761022341
GJB3	114.0828788	124.3754167	133.0851487	394.8983277	366.2141165	396.9539975	370.6428482	380.0073702	421.0158364	238.0916088	242.5052012	204.035462
GJB4	13.3096692	10.16905923	7.512871297	147.6981934	116.7055976	161.7644903	61.57644762	69.03359696	86.52455786	27.0103926	19.22948732	31.02843431
GJB5	390.73386	324.62766	345.5920797	1243.774261	1148.275765	1213.80731	566.0296531	560.0108614	1059.398245	687.2644339	744.6084814	701.4306665
GLI1	163.518793	176.0029482	198.5544557	4.664153477	16.0973238	22.94531778	82.8913718	77.42085641	25.32426084	130.0500384	95.07913177	106.2488811
GNAL	102.6745909	138.4556526	151.3306933	273.6303373	292.4347158	304.0254605	302.5535071	303.2316876	213.145862	68.02617396	75.84964444	74.28019123
GNB1L	515.274336	413.8024871	389.5960401	130.5962974	148.9002452	159.4699585	109.535027	101.2922871	181.490536	692.2663585	687.9883242	604.5843413
GNG2	54.18936744	55.53870809	57.95643572	105.7208121	126.0957031	125.0519819	84.66761548	102.5826347	212.0906845	39.01501153	47.00541346	47.95303484
GPC1	10833.12004	10725.22854	9816.102983	1363.487533	1636.561253	1919.375832	5864.564555	5726.562679	2896.462333	6058.331022	6082.927823	7239.968006
GPC3	539.9922931	463.0833126	536.6336641	164.8000895	197.1922166	207.6551259	300.1851821	255.4888261	157.2214527	297.1143186	303.3985778	368.5801894
GPD1	3.802762628	1.564470651	2.146534656	41.97738129	65.73073886	63.09962388	19.53868049	21.93590932	24.2690833	10.00384911	2.136609703	1.88051117
GPR1	1.901381314	3.911176626	5.366336641	474.1889368	441.3349609	466.9372167	33.15654872	38.0652544	99.18668828	16.00615858	12.81965822	4.701277926
GPR137C	33.27417299	24.24929508	22.53861389	80.84532694	119.3884849	119.3156524	108.9429458	87.74363726	127.6764817	19.00731331	19.22948732	25.3869008
GPRC5B	52.28798613	44.58741354	59.02970305	147.6981934	202.5579912	169.7953515	174.0718808	193.552141	195.207844	34.01308698	34.18575524	40.43099016
GRPR	25.66864774	10.95129455	23.61188122	111.9396834	111.339823	113.579323	110.7191895	118.7119798	62.25547456	26.01000769	20.29779218	29.14792314
GTDC1	103.6252816	109.5129455	127.718812	83.95476259	49.63341506	43.59610377	33.15654872	32.90386397	71.75207237	123.0473441	104.6938754	122.2332261
H1-0	1640.892074	1633.307359	1623.853467	216.1057778	328.6536943	298.2891311	582.0158463	530.9780402	268.0150939	1671.643186	1700.741323	1671.77443
H1-10	7061.730199	7253.668171	6877.497039	2840.469468	3016.906769	3142.361269	2804.688773	2465.854277	3565.44489	6234.398766	6076.517994	6278.086542
H1FX-AS1	396.4380039	375.4729561	436.8198026	247.2001343	143.5344706	198.4769988	158.6777689	163.2289723	188.8767787	335.1289452	337.584333	371.4009561
H2BC15	6.654834598	3.911176626	1.073267328	88.61891606	99.26683012	96.37033466	15.98619313	18.0648665	32.71050358	13.00500384	4.273219405	15.04408936
HBEGF	34.22486365	32.85388366	24.68514855	97.94722302	111.339823	117.0211207	145.6519819	140.0027153	102.3522209	38.01462662	28.84423099	25.3869008
HCP5	16.16174117	10.95129455	24.68514855	105.7208121	111.339823	111.2847912	72.23390971	58.06564231	159.3318078	15.00577367	20.29779218	24.44664521
HDAC4	274.7495998	281.6047171	283.3425746	26.43020304	16.0973238	37.85977433	137.9549259	134.1961511	92.85562307	193.0742878	185.8850441	201.2146952
HDAC9	197.7436566	196.3410666	201.7742577	1124.060988	1121.446892	986.6486643	775.6264075	781.9506497	806.1556366	264.1016165	308.740102	363.8789115
HECW1	21.86588511	17.20917716	26.8316832	127.4868617	108.6569357	107.8429935	75.78639707	58.06564231	61.20029702	22.00846804	8.546438811	17.86485612
HEYL	46.58384219	56.32094342	51.51683175	4.664153477	8.048661901	1.147265889	18.35451804	14.83899748	12.66213042	16.00615858	21.36609703	13.16357819
HHIP	22.81657577	17.20917716	15.02574259	34.20379216	56.34063331	56.21602855	37.89319854	47.74286145	40.09674633	22.00846804	30.98084069	52.65431277
HHLA2	2.852071971	2.346705976	2.146534656	20.21133173	17.43876745	21.79805189	14.20994945	12.25830226	23.21390577	5.001924556	0	1.88051117
HKDC1	68.4497273	57.88541407	56.88316839	130.5962974	139.5101396	151.4390973	420.9697525	416.782277	218.4217497	63.0242494	44.86880376	37.61022341
HLA-B	40.87969825	45.36964887	51.51683175	262.7473125	347.4339054	292.5528016	174.0718808	168.3903627	137.1730795	34.01308698	64.09829108	36.66996782
HMGCS1	4443.52813	4429.798647	4005.433669	1324.619587	1275.712911	1243.636223	2170.569779	2047.781652	1803.298407	3982.532331	3697.40309	3920.86579
HOTAIR	32.32348233	25.81376573	45.07722778	80.84532694	72.43795711	105.5484618	110.7191895	108.389199	75.97278251	31.01193224	38.45897465	24.44664521
HOXD1	0	1.564470651	1.073267328	7.773589128	12.07299285	20.650786	7.697055953	10.32278085	15.82766302	0	7.478133959	3.761022341
HRCT1	63.69627401	82.91694448	61.1762377	31.09435651	18.7802111	17.20898833	24.86741154	23.22625692	30.60014851	70.02694378	43.8004989	40.43099016
HS3ST3A1	191.088822	204.1634199	211.4336636	77.73589128	56.34063331	59.65782622	105.3904584	109.0343728	68.58653977	173.0665896	141.0162404	183.3498391
HSD17B6	12.35897854	14.86247118	21.46534656	111.9396834	80.48661901	112.4320571	83.48345302	59.35598991	100.2418658	11.00423402	14.95626792	14.10383378
HSPA1B	2429.014628	2528.966807	2406.26535	374.686996	419.8718625	541.5094995	1066.33829	1049.052604	606.7270826	1685.648575	1750.951651	2110.873789
HSPB2	6.654834598	7.040117928	6.439603969	57.52455955	56.34063331	52.77423088	13.61786822	24.51660453	53.81405428	12.00461893	6.409829108	5.641533511
HTRA3	38.97831693	32.07164834	34.3445545	6.218871303	2.6828873	10.325393	9.473299634	7.096911837	18.99319563	28.01077751	27.77592613	45.13226809
ID3	10008.87124	9771.683683	9048.716844	3550.975514	3819.090072	3212.344489	1332.182761	1187.764972	4099.364723	9473.645108	9057.088529	7656.50123
ID4	626.5051429	648.4730847	667.5722781	197.4491639	178.4120055	204.2133282	159.8619313	195.4876624	290.1738221	640.2463431	604.6605458	592.3610187
IFI35	111.2308069	96.99718033	84.78811892	544.151239	500.3584815	404.9848587	165.7827436	160.648277	364.0362495	121.0465742	95.07913177	124.1137372
IFI6	61.7948927	54.75647277	61.1762377	803.7891159	729.7453457	694.0958627	188.2818302	147.744801	307.0566626	55.02117011	40.59558435	52.65431277
IFIT3	45.63315153	28.16047171	27.90495053	90.17363389	108.6569357	75.71954866	189.4659927	200.0038791	88.63491293	23.00885296	23.50270673	27.26741197
IFT88	164.4694836	124.3754167	159.9168319	54.4151239	96.58394282	66.54142155	62.16852885	61.29151132	61.20029702	118.0454195	74.78133959	126.934504
IGFL4	32.32348233	25.81376573	23.61188122	118.1585548	99.26683012	55.06876266	75.78639707	72.25946598	56.97958688	20.00769822	26.70762128	28.20766756
IGSF23	0	0	0	40.42266347	33.53609126	47.03790144	5.328731044	3.87104282	9.496597814	0	0	0
IHH	0	6.257882602	1.073267328	13.99246043	13.4144365	26.38711544	24.86741154	24.51660453	24.2690833	7.002694378	2.136609703	3.761022341
IL15RA	12.35897854	16.42694183	18.24554458	59.07927738	36.21897856	57.36329444	59.80020394	54.19459949	46.42781153	10.00384911	18.16118247	20.68562287
IL1B	58.94282073	50.84529614	52.59009908	202.1133173	163.6561253	187.0043399	114.2716768	90.96950628	181.490536	81.0311778	76.91794929	57.3555907
IL1RN	30.42210102	14.08023586	35.41782183	121.2679904	77.80373171	130.7883113	66.90517866	60.64633752	74.91760498	17.00654349	19.22948732	13.16357819
IL21R	50.38660482	62.57882602	72.98217831	7.773589128	2.6828873	2.294531778	15.39411191	11.61312846	8.441420279	17.00654349	12.81965822	29.14792314
IL21R-AS1	18.06312248	28.94270704	23.61188122	6.218871303	2.6828873	1.147265889	7.697055953	4.516216624	6.331065209	12.00461893	5.341524257	9.402555852
IL31RA	19.9645038	23.46705976	9.659405953	99.50194084	87.19383727	110.1375253	116.0479205	99.35676572	47.48298907	10.00384911	18.16118247	4.701277926
IL7R	138.8008359	159.5760064	179.2356438	450.8681694	415.8475316	446.2864307	549.4513788	543.8815163	307.0566626	107.0411855	133.5381064	146.6798713
ILF3-DT	213.9053978	194.776596	184.6019804	68.40758433	52.31630236	68.83595333	71.64182848	60.64633752	61.20029702	273.1050807	264.9396031	237.884663
INAVA	24.71795708	13.29800053	9.659405953	46.64153477	45.60908411	42.44883788	67.49725989	69.03359696	49.59334414	11.00423402	8.546438811	10.34281144
INPP1	2.852071971	3.128941301	9.659405953	26.43020304	50.97485871	35.56524255	18.94659927	32.90386397	25.32426084	1.000384911	8.546438811	2.820766756
INSIG1	2240.777878	2246.579854	2399.825746	640.5437442	657.3073886	671.1505449	546.4909726	541.9459949	1149.088335	2073.797921	2226.34731	1962.313406
ISG20	11.40828788	10.16905923	17.17227725	230.0982382	207.9237658	212.2441894	27.82781767	34.83938538	62.25547456	13.00500384	17.09287762	15.98434495
ISM2	13.3096692	8.604588578	16.09900992	57.52455955	37.56042221	66.54142155	77.56264075	107.0988514	77.02796005	8.003079289	7.478133959	14.10383378
ITGB2	2.852071971	4.693411952	4.293069313	51.30568825	38.90186586	60.8050921	23.09116786	26.45212594	24.2690833	4.001539644	7.478133959	2.820766756
ITGB2-AS1	1.901381314	1.564470651	1.073267328	32.64907434	48.29197141	48.18516733	9.473299634	12.90347607	17.93801809	7.002694378	4.273219405	0.940255585
IZUMO4	2.852071971	6.257882602	2.146534656	71.51701998	76.46228806	82.60314399	17.76243681	25.16177833	34.82085865	3.001154733	1.068304851	0.940255585
JPH2	0.950690657	5.475647277	9.659405953	48.1962526	37.56042221	43.59610377	40.26152344	23.87143073	22.15872823	17.00654349	22.43440188	6.581789096
KBTBD11	113.1321882	175.2207129	138.4514853	13.99246043	28.17031665	26.38711544	63.3526913	80.00155162	37.98639126	76.02925325	65.16659593	103.4281144
KCNB1	0.950690657	2.346705976	11.80594061	20.21133173	32.19464761	48.18516733	39.66944222	43.22664483	9.496597814	3.001154733	4.273219405	5.641533511
KCNG3	10.45759723	6.257882602	5.366336641	76.18117346	34.87753491	50.47969911	35.52487363	49.03320906	36.93121372	8.003079289	3.204914554	0
KCNK9	4.753453285	7.822353253	3.219801984	136.8151687	109.9983793	80.30861221	21.31492418	19.3552141	96.02115567	7.002694378	4.273219405	6.581789096
KIAA1755	19.01381314	36.76506029	15.02574259	73.07173781	101.9497174	107.8429935	71.64182848	65.16255414	66.4761847	34.01308698	27.77592613	32.90894548
KIF1A	415.4518171	413.8024871	429.3069313	153.9170647	198.5336602	255.8402932	1510.39921	1438.737582	581.4028217	255.0981523	305.5351875	358.237378
KLF14	4.753453285	5.475647277	11.80594061	40.42266347	49.63341506	42.44883788	24.86741154	29.03282115	28.48979344	28.01077751	22.43440188	8.462300267
KLHL6	79.85801518	94.65047436	50.44356442	373.1322782	423.8961935	294.8473334	572.5425466	556.7849923	356.6500068	72.0277136	37.3906698	57.3555907
KLK5	43.73177022	50.84529614	41.8574258	778.9136307	653.2830577	705.5685216	130.8499512	133.5509773	199.4285541	40.01539644	63.02998623	59.23610187
KREMEN2	644.5682654	661.7710852	525.9009908	99.50194084	122.0713722	104.4011959	301.3693446	245.8112191	288.063467	507.1951499	493.5568413	633.7322644
KRT13	3279.882766	3171.182009	2961.144558	1520.514034	1620.463929	1509.80191	1357.642254	1446.479667	1768.477548	2841.093148	2625.893325	2591.344393
KRT23	13.3096692	11.73352988	7.512871297	124.3774261	127.4371468	123.904716	29.01198013	36.77490679	67.53136223	12.00461893	16.02457277	15.04408936
KRT4	22.81657577	22.68482443	12.87920794	219.2152134	228.0454205	182.4152763	79.93096566	67.74324936	67.53136223	16.00615858	12.81965822	16.92460053
KRT83	5.704143941	8.604588578	8.586138625	41.97738129	37.56042221	19.50352011	30.19614258	23.87143073	44.31745646	10.00384911	7.478133959	4.701277926
KRTAP2-3	14.26035985	13.29800053	5.366336641	87.06419824	73.77940076	107.8429935	132.0341136	118.066806	113.9591738	15.00577367	14.95626792	12.22332261
KRTAP3-1	2.852071971	6.257882602	5.366336641	150.8076291	194.5093293	199.6242646	59.20812271	43.22664483	58.03476442	11.00423402	0	4.701277926
LACC1	15.21105051	20.33811846	4.293069313	45.08681694	33.53609126	59.65782622	106.5746209	123.8733703	33.76568112	7.002694378	41.6638892	10.34281144
LAMP3	126.4418574	108.7307102	144.8910893	268.9661838	317.9221451	390.0704022	985.2231619	909.6950628	279.6220467	60.02309467	66.23490078	67.69840213
LCE1E	1.901381314	3.128941301	4.293069313	9.328306954	25.48742935	19.50352011	24.86741154	14.19382367	27.43461591	1.000384911	9.614743662	4.701277926
LCE1F	41.8303889	20.33811846	30.05148519	433.7662734	413.1646443	419.8993153	113.6795956	144.518932	238.4701229	52.02001538	44.86880376	34.78945665
LGI2	11.40828788	10.95129455	13.95247527	43.53209912	50.97485871	37.85977433	39.66944222	48.38803526	34.82085865	13.00500384	16.02457277	12.22332261
LGR5	28.52071971	36.76506029	30.05148519	97.94722302	87.19383727	103.25393	88.81218407	99.35676572	61.20029702	32.01231716	24.57101158	18.8051117
LINC00052	82.71008715	71.1834146	77.27524763	485.0719616	602.308199	622.9653776	147.4282256	154.196539	202.5940867	88.03387218	143.1528501	111.8904146
LINC00337	26.61933839	12.5157652	16.09900992	90.17363389	120.7299285	83.75040988	36.70903608	39.35560201	91.80044553	21.00808313	25.63931643	17.86485612
LINC00452	3.802762628	1.564470651	4.293069313	57.52455955	46.95052776	60.8050921	21.9070054	19.3552141	21.1035507	12.00461893	7.478133959	6.581789096
LINC00589	5.704143941	8.604588578	3.219801984	77.73589128	53.65774601	73.42501688	39.66944222	34.19421158	37.98639126	9.0034642	22.43440188	15.98434495
LINC00673	1014.386931	880.0147409	918.7168329	387.1247386	332.6780253	318.9399171	306.6980756	306.4575566	555.0233833	1169.449961	1232.823798	1105.740568
LINC00707	181.5819155	200.2522433	182.4554458	71.51701998	59.02352061	96.37033466	74.60223462	114.1957632	62.25547456	90.034642	118.5818385	94.02555852
LINC01089	105.5266629	99.34388631	122.3524754	51.30568825	68.41362616	48.18516733	36.70903608	41.93629722	40.09674633	108.0415704	87.60099781	91.20479176
LINC01133	7.605525255	5.475647277	1.073267328	87.06419824	115.3641539	82.60314399	65.12893498	80.00155162	55.92440935	2.000769822	24.57101158	5.641533511
LINC01173	0	0	0	23.32076739	37.56042221	28.68164722	2.368324908	4.516216624	9.496597814	0	2.136609703	0.940255585
LINC01204	8.556215912	6.257882602	6.439603969	94.83778737	83.16950631	79.16134632	30.19614258	38.7104282	92.85562307	37.01424171	16.02457277	19.74536729
LINC01366	7.605525255	4.693411952	5.366336641	73.07173781	46.95052776	53.92149677	13.61786822	22.58108312	31.65532605	10.00384911	2.136609703	15.98434495
LINC01516	4.753453285	9.386823903	4.293069313	63.74343085	61.70640791	76.86681455	23.68324908	18.0648665	46.42781153	13.00500384	8.546438811	8.462300267
LINC01569	49.43591416	69.61894395	81.56831694	388.6794564	236.0940824	263.8711544	143.8757382	140.0027153	258.518496	82.03156271	71.57642504	94.02555852
LINC02321	7.605525255	5.475647277	2.146534656	143.03404	136.8272523	201.9187964	15.98619313	18.7100403	71.75207237	16.00615858	16.02457277	15.04408936
LINC02561	60.84420204	53.97423744	54.73663374	17.10189608	6.707218251	28.68164722	5.328731044	10.96795466	22.15872823	51.01963047	29.91253584	17.86485612
LINC02669	0	0	0	7.773589128	5.365774601	17.20898833	5.328731044	3.225869017	9.496597814	0	0	0
LINC02773	0	0	0	18.65661391	9.390105552	14.91445655	4.14456859	9.032433248	5.275887674	0	0	2.820766756
LINC02827	4.753453285	7.822353253	3.219801984	101.0566587	143.5344706	82.60314399	26.05157399	21.29073551	33.76568112	2.000769822	13.88796307	9.402555852
LIPH	23.76726642	28.16047171	20.39207923	634.3248729	543.2846783	500.2079275	317.3555377	292.9089067	294.3945322	37.01424171	27.77592613	28.20766756
LMO2	14.26035985	16.42694183	11.80594061	27.98492086	46.95052776	45.89063555	52.10314799	41.93629722	55.92440935	8.003079289	16.02457277	10.34281144
LOC100129484	87.46354044	129.851064	101.9603962	32.64907434	25.48742935	34.41797666	62.16852885	48.38803526	30.60014851	130.0500384	127.1282773	109.0696479
LOC100506178	0	4.693411952	1.073267328	76.18117346	88.53528092	63.09962388	13.025787	11.61312846	17.93801809	0	1.068304851	1.88051117
LOC100506411	101.7239003	80.5702385	95.52079221	907.9552102	977.912421	961.4088148	227.3591912	227.1011788	417.8503038	164.0631254	157.0408131	141.9785934
LOC100506990	42.78107956	34.41835431	52.59009908	20.21133173	14.75588015	16.06172244	17.76243681	14.19382367	15.82766302	37.01424171	20.29779218	27.26741197
LOC100507144	21.86588511	7.822353253	23.61188122	233.2076739	319.2635888	208.8023918	49.14274185	41.29112342	70.69689484	26.01000769	18.16118247	32.90894548
LOC101927136	461.0849686	464.6477832	561.3188126	161.6906539	201.2165475	118.1683865	168.7431497	162.5837985	208.9251519	211.0812162	179.475215	153.2616604
LOC101927248	39.92900759	50.06306082	32.19801984	1.554717826	8.048661901	17.20898833	12.43370577	4.516216624	9.496597814	39.01501153	64.09829108	42.31150133
LOC101927752	166.370865	124.3754167	139.5247527	63.74343085	41.58475316	36.71250844	21.9070054	23.87143073	35.87603619	142.0546574	146.3577646	135.3968043
LOC101927863	4.753453285	0	0	57.52455955	76.46228806	64.24688977	16.57827436	10.96795466	14.77248549	5.001924556	5.341524257	6.581789096
LOC101928304	1.901381314	0	2.146534656	48.1962526	52.31630236	47.03790144	8.28913718	5.806564231	23.21390577	7.002694378	6.409829108	0.940255585
LOC101928994	3.802762628	0.782235325	8.586138625	77.73589128	71.09651346	56.21602855	30.78822381	32.25869017	24.2690833	1.000384911	5.341524257	13.16357819
LOC101929128	8.556215912	10.16905923	15.02574259	223.8793669	217.3138713	292.5528016	40.85360467	40.00077581	52.75887674	29.01116242	27.77592613	25.3869008
LOC101929638	10.45759723	10.16905923	8.586138625	124.3774261	107.315492	95.22306877	30.78822381	47.74286145	66.4761847	10.00384911	7.478133959	14.10383378
LOC101929846	1.901381314	6.257882602	3.219801984	68.40758433	44.26764046	47.03790144	18.35451804	15.48417128	17.93801809	13.00500384	11.75135336	5.641533511
LOC101930275	17.11243182	11.73352988	17.17227725	166.3548073	175.7291182	143.4082361	37.30111731	49.03320906	74.91760498	15.00577367	19.22948732	17.86485612
LOC102546229	26.61933839	38.32953094	34.3445545	0	2.6828873	6.883595333	7.104974725	8.387259444	1.055177535	16.00615858	10.68304851	11.28306702
LOC102723675	7.605525255	7.822353253	10.73267328	29.53963869	36.21897856	21.79805189	29.60406136	35.48455919	18.99319563	8.003079289	14.95626792	12.22332261
LOC102724064	107.4280442	118.1175341	133.0851487	35.75850999	30.85320396	22.94531778	69.8655848	57.4204685	40.09674633	96.03695147	100.420656	78.98146915
LOC102724250	68.4497273	82.13470915	77.27524763	31.09435651	29.51176031	52.77423088	449.3896514	445.1699243	52.75887674	12.00461893	18.16118247	32.90894548
LOC102724475	7.605525255	14.86247118	9.659405953	82.40004476	76.46228806	91.7812711	92.36467143	87.09846346	145.6144998	16.00615858	20.29779218	9.402555852
LOC102725231	3.802762628	2.346705976	1.073267328	119.7132726	213.2895404	149.1445655	15.98619313	12.90347607	35.87603619	5.001924556	10.68304851	12.22332261
LOC105369301	27.57002905	23.46705976	27.90495053	351.3662286	309.8734832	265.0184203	113.6795956	120.0023274	200.4837316	22.00846804	40.59558435	45.13226809
LOC105369352	517.1757174	550.693669	495.8495056	85.50948041	83.16950631	99.81213232	291.896045	270.3278236	137.1730795	370.1424171	315.1499311	434.3980804
LOC105370777	0.950690657	0	0	68.40758433	84.51094996	64.24688977	6.512893498	5.806564231	21.1035507	2.000769822	2.136609703	7.522044681
LOC105371069	26.61933839	17.99141248	27.90495053	7.773589128	1.34144365	2.294531778	5.920812271	4.516216624	6.331065209	16.00615858	11.75135336	27.26741197
LOC105371401	0.950690657	3.128941301	1.073267328	35.75850999	22.80454205	17.20898833	13.025787	10.32278085	20.04837316	0	3.204914554	0.940255585
LOC105371493	1.901381314	0.782235325	0	40.42266347	30.85320396	19.50352011	10.06538086	18.0648665	13.71730795	5.001924556	4.273219405	2.820766756
LOC105371855	1.901381314	8.604588578	7.512871297	45.08681694	79.14517536	33.27071077	17.17035559	29.67799496	34.82085865	15.00577367	10.68304851	8.462300267
LOC105372424	15.21105051	7.822353253	5.366336641	91.72835171	142.1930269	145.7027679	27.82781767	31.61351637	60.14511949	10.00384911	12.81965822	20.68562287
LOC105372501	1.901381314	0	2.146534656	10.88302478	12.07299285	21.79805189	21.31492418	27.74247355	3.165532605	5.001924556	0	2.820766756
LOC105372632	2.852071971	2.346705976	2.146534656	29.53963869	25.48742935	12.61992478	15.39411191	9.677607051	20.04837316	4.001539644	4.273219405	0.940255585
LOC105372663	0.950690657	3.911176626	2.146534656	20.21133173	30.85320396	20.650786	18.94659927	14.19382367	11.60695288	0	0	3.761022341
LOC105372693	0	0	0	4.664153477	5.365774601	8.030861221	4.736649817	8.387259444	6.331065209	0	2.136609703	0.940255585
LOC105372898	69.40041795	85.26365046	50.44356442	209.8869065	154.2660198	191.5934034	184.7293429	190.326272	207.8699744	49.01886064	81.1911687	68.63865772
LOC105373428	28.52071971	28.94270704	25.75841588	6.218871303	5.365774601	3.441797666	8.881218407	8.387259444	8.441420279	26.01000769	24.57101158	16.92460053
LOC105373490	0	0	0	17.10189608	4.024330951	14.91445655	2.960406136	9.032433248	11.60695288	1.000384911	3.204914554	0
LOC105373610	49.43591416	50.84529614	57.95643572	3.109435651	6.707218251	11.47265889	10.06538086	10.96795466	9.496597814	27.0103926	26.70762128	47.01277926
LOC105374259	0	0	0	6.218871303	6.707218251	9.17812711	11.24954332	7.096911837	10.55177535	1.000384911	3.204914554	0
LOC105374308	0	0.782235325	0	23.32076739	5.365774601	24.09258366	8.28913718	4.516216624	9.496597814	3.001154733	2.136609703	0
LOC105374309	13.3096692	13.29800053	22.53861389	150.8076291	163.6561253	184.7098081	68.68142235	67.09807555	74.91760498	23.00885296	25.63931643	23.50638963
LOC105375431	22.81657577	28.16047171	24.68514855	91.72835171	84.51094996	87.19220755	60.98436639	69.67877077	51.70369921	22.00846804	29.91253584	19.74536729
LOC105375586	42.78107956	48.49859017	36.49108916	132.1510152	187.802111	189.2988716	116.6400017	124.5185441	102.3522209	40.01539644	40.59558435	34.78945665
LOC105375591	68.4497273	72.74788525	94.44752488	20.21133173	37.56042221	41.301572	25.45949277	20.00038791	42.2071014	81.0311778	53.41524257	69.5789133
LOC105375754	9.506906569	17.99141248	22.53861389	104.1660943	85.85239362	75.71954866	90.58842775	85.80811585	53.81405428	9.0034642	17.09287762	23.50638963
LOC105375821	0.950690657	0	0	20.21133173	30.85320396	10.325393	4.736649817	8.387259444	11.60695288	0	4.273219405	3.761022341
LOC105376222	11.40828788	13.29800053	6.439603969	77.73589128	59.02352061	115.8738548	63.94477253	54.83977329	64.36582963	11.00423402	10.68304851	8.462300267
LOC105376233	2.852071971	9.386823903	9.659405953	167.9095252	170.3633436	153.7336291	17.17035559	23.87143073	134.0075469	11.00423402	20.29779218	15.04408936
LOC105376475	0	0	0	12.43774261	17.43876745	11.47265889	8.28913718	12.90347607	10.55177535	0	0	0.940255585
LOC105376689	4.753453285	4.693411952	3.219801984	18.65661391	32.19464761	21.79805189	31.97238626	40.00077581	11.60695288	5.001924556	3.204914554	6.581789096
LOC105376859	19.9645038	19.55588313	19.31881191	43.53209912	68.41362616	53.92149677	71.04974725	72.90463978	44.31745646	18.0069284	17.09287762	8.462300267
LOC105377378	3.802762628	7.040117928	5.366336641	416.6643773	574.1378823	433.6665059	15.98619313	9.677607051	62.25547456	8.003079289	17.09287762	11.28306702
LOC105378626	33.27417299	46.15188419	27.90495053	161.6906539	152.9245761	146.8500338	75.78639707	109.6795466	72.80724991	53.02040029	52.34693771	78.98146915
LOC105379051	3.802762628	9.386823903	9.659405953	59.07927738	49.63341506	36.71250844	23.68324908	26.45212594	80.19349265	28.01077751	21.36609703	17.86485612
LOC105379443	1.901381314	2.346705976	3.219801984	23.32076739	53.65774601	63.09962388	13.61786822	10.32278085	13.71730795	7.002694378	9.614743662	10.34281144
LOC107984104	7.605525255	3.911176626	7.512871297	225.4340847	265.6058427	190.4461375	21.31492418	29.03282115	43.26227893	7.002694378	9.614743662	3.761022341
LOC107984192	0	0	0	9.328306954	10.7315492	18.35625422	6.512893498	7.742085641	10.55177535	0	0	0
LOC107984198	180.6312248	191.6476547	279.0495053	63.74343085	73.77940076	68.83595333	29.01198013	14.83899748	116.0695288	129.0496535	88.66930266	119.4124593
LOC107984200	1.901381314	2.346705976	1.073267328	21.76604956	8.048661901	22.94531778	13.025787	20.64556171	12.66213042	6.002309467	1.068304851	11.28306702
LOC107984655	92.21699372	88.39259176	67.61584167	23.32076739	38.90186586	29.82891311	30.19614258	36.12973299	50.64852167	116.0446497	90.80591236	86.50351384
LOC107984969	51.33729547	30.50717769	41.8574258	225.4340847	194.5093293	199.6242646	105.3904584	109.6795466	249.0218982	102.0392609	87.60099781	65.81789096
LOC107986303	79.85801518	61.7965907	70.83564366	31.09435651	33.53609126	21.79805189	39.07736099	36.77490679	27.43461591	72.0277136	45.93710861	57.3555907
LOC107986465	38.97831693	25.03153041	30.05148519	111.9396834	143.5344706	139.9664384	98.87756493	105.16333	93.9108006	29.01116242	56.62015712	41.37124575
LOC107986558	0	0.782235325	2.146534656	12.43774261	10.7315492	19.50352011	18.35451804	19.3552141	9.496597814	1.000384911	1.068304851	1.88051117
LOC107986973	24.71795708	25.03153041	11.80594061	188.1208569	241.459857	226.0113801	89.40426529	89.67915867	137.1730795	9.0034642	14.95626792	13.16357819
LOC112268056	86.51284978	93.08600371	70.83564366	31.09435651	46.95052776	40.15430611	27.82781767	27.74247355	49.59334414	81.0311778	67.30320563	75.22044681
LOC112268114	249.0809521	287.8625997	231.8257429	69.96230216	79.14517536	56.21602855	113.0875144	130.9702821	93.9108006	340.1308698	301.2619681	370.4607006
LOC152048	45.63315153	46.15188419	31.12475252	133.705733	99.26683012	127.3465137	135.586601	112.2602418	84.41420279	64.02463431	38.45897465	31.9686899
LOC389602	0	0.782235325	0	7.773589128	10.7315492	11.47265889	23.09116786	15.48417128	11.60695288	4.001539644	1.068304851	0
LOC399815	64.64696467	79.78800318	94.44752488	323.3813077	316.5807015	306.3199923	165.7827436	134.1961511	202.5940867	92.03541182	115.3769239	75.22044681
LOC730268	89.36492175	64.14329667	79.42178228	34.20379216	4.024330951	27.53438133	23.68324908	31.61351637	39.04156879	89.03425709	80.12286385	97.78658086
LOR	27.57002905	21.12035378	25.75841588	7.773589128	2.6828873	1.147265889	0	6.451738034	2.11035507	0	0	28.20766756
LPXN	61.7948927	51.62753147	55.80990106	189.6755747	139.5101396	175.531681	100.6538086	94.8405491	182.5457135	64.02463431	68.37151048	66.75814655
LRRC15	0	0	0	7.773589128	4.024330951	17.20898833	12.43370577	9.032433248	11.60695288	0	1.068304851	0
LRRC17	233.8699016	174.4384775	194.2613864	708.9513285	725.7210148	697.5376604	407.9439655	384.5235868	484.3264885	234.0900692	243.5735061	231.302874
LRRC41	3220.939946	3249.405541	3132.867331	1333.947894	1349.492312	1390.486257	1383.693828	1329.058035	1614.421628	2877.107004	2781.865833	2774.694232
LUARIS	86.51284978	72.74788525	95.52079221	321.8265899	287.0689412	339.5907031	282.4227453	260.6502166	211.035507	80.03079289	68.37151048	57.3555907
LY96	1.901381314	10.16905923	7.512871297	119.7132726	112.6812666	120.4629183	20.72284295	12.25830226	94.96597814	17.00654349	17.09287762	14.10383378
LYST	162.5681023	197.123302	169.5762378	345.1473573	422.5547498	434.8137718	503.269043	521.945607	237.4149453	154.0592763	173.0653859	142.9188489
LZTS3	71.30179927	85.26365046	88.00792091	157.0265004	155.6074634	230.6004436	428.6668084	389.6849773	227.9183475	69.02655887	68.37151048	74.28019123
MAB21L4	15.21105051	2.346705976	13.95247527	105.7208121	105.9740484	91.7812711	52.10314799	34.83938538	43.26227893	11.00423402	1.068304851	10.34281144
MAFF	151.1598144	158.793771	159.9168319	558.1436994	513.772918	520.8587135	618.7248823	556.7849923	375.6432024	223.0858352	224.3440188	227.5418516
MAFG-DT	192.9902034	210.4213025	200.7009904	63.74343085	42.92619681	53.92149677	80.52304689	93.55020149	108.6832861	193.0742878	174.1336908	188.9913726
MAP1LC3A	113.1321882	91.52153306	101.9603962	914.1740815	849.1338306	962.5560807	306.1059944	258.7146952	469.554003	131.0504234	105.7621803	110.0099035
MAP3K7CL	0.950690657	14.86247118	10.73267328	597.0116451	706.9408037	562.1602855	61.57644762	78.71120402	136.117902	25.00962278	30.98084069	17.86485612
MAP6	25.66864774	42.24070757	35.41782183	135.2604508	195.8507729	255.8402932	388.9973662	422.5888412	111.8488187	51.01963047	29.91253584	28.20766756
MARCHF10	16.16174117	17.99141248	15.02574259	71.51701998	144.8759142	74.57228277	42.62984835	50.96873047	65.42100716	26.01000769	22.43440188	16.92460053
MARCHF3	20.91519445	28.94270704	24.68514855	293.8416691	295.1176031	256.9875591	40.85360467	49.03320906	156.1662752	50.01924556	35.25406009	31.02843431
MATN3	253.8344054	247.1863628	248.9980201	732.2720959	845.1094996	814.558781	513.9265051	470.9768765	538.1405428	289.1112393	318.3548457	292.419487
MAZ	6203.256536	6246.931308	6497.560405	2119.080396	1985.336602	2456.296268	3185.989083	3056.833481	2982.986891	5749.212084	5589.370982	5937.71402
MBOAT1	391.6845506	365.3038969	429.3069313	104.1660943	115.3641539	125.0519819	128.4816263	121.9378488	174.1042933	500.1924556	490.3519268	510.5587827
MCTP1	19.01381314	27.37823638	16.09900992	121.2679904	91.21816822	89.48673932	60.98436639	61.29151132	55.92440935	39.01501153	33.11745039	26.32715638
MEGF6	162.5681023	129.851064	153.4772279	69.96230216	57.68207696	88.33947343	585.5683336	483.8803526	169.8835831	84.03233253	54.48354742	75.22044681
MGLL	57.04143941	40.67623691	37.56435649	152.3623469	123.4128158	178.9734786	285.3831515	302.5865138	143.5041447	44.01693609	43.8004989	44.1920125
MICB	267.1440746	233.8883623	266.1702974	1355.713944	1326.68777	1362.951876	615.7644762	608.3988966	942.2735386	431.1658967	301.2619681	346.9543109
MID1IP1	2152.363647	2139.413615	2301.085152	467.9700655	482.9197141	614.9345164	900.5555464	812.2738185	1058.343067	2425.933409	2321.426442	2206.779858
MID1IP1-AS1	87.46354044	74.3123559	85.86138625	10.88302478	18.7802111	28.68164722	43.22192958	36.12973299	22.15872823	54.0207852	64.09829108	72.39968006
MIG7	27.57002905	35.20058964	22.53861389	303.169976	363.5312292	374.0086797	84.66761548	85.16294205	145.6144998	100.0384911	106.8304851	96.84632527
MIR205HG	744.3907844	727.4788525	865.0534665	382.4605851	344.7510181	355.6524255	182.361018	180.648665	337.6568112	741.2852191	715.7642504	749.3837014
MMP28	9.506906569	8.604588578	13.95247527	51.30568825	53.65774601	53.92149677	26.05157399	33.54903778	50.64852167	7.002694378	17.09287762	19.74536729
MOBP	23.76726642	10.16905923	13.95247527	1.554717826	1.34144365	3.441797666	2.960406136	3.225869017	2.11035507	0	1.068304851	9.402555852
MPPED2	902.2054334	903.4818007	1004.578219	413.5549416	346.0924618	392.364934	371.2349294	405.1691485	502.2645066	1038.399538	1146.291105	980.6865753
MROH3P	0	0	0	119.7132726	127.4371468	169.7953515	5.920812271	3.225869017	8.441420279	3.001154733	2.136609703	1.88051117
MSC-AS1	373.6214282	374.6907208	392.8158421	83.95476259	142.1930269	141.1137043	130.8499512	127.0992393	170.9387606	108.0415704	110.0353997	100.6073476
MTSS1	71.30179927	75.87682655	62.24950503	177.2378321	154.2660198	201.9187964	178.2164494	219.3590932	178.3250034	54.0207852	59.82507167	61.11661304
MUC1	4.753453285	10.16905923	6.439603969	52.86040607	48.29197141	26.38711544	48.55066062	52.90425188	40.09674633	14.00538876	9.614743662	8.462300267
MVK	1101.850471	999.6967457	986.3326746	384.0153029	368.8970038	308.6145241	335.1179745	328.3934659	508.5955718	1162.447267	1108.900436	1069.0706
MXD1	85.56215912	128.2865933	90.15445556	214.5510599	215.9724277	222.5695824	271.173202	309.6834256	264.8495613	105.0404157	96.14743662	94.02555852
MYH2	0.950690657	7.040117928	6.439603969	13.99246043	33.53609126	29.82891311	42.62984835	39.35560201	7.386242744	3.001154733	0	0
N4BP3	80.80870584	83.6991798	70.83564366	23.32076739	33.53609126	36.71250844	296.0406136	276.7795617	117.1247064	98.03772129	75.84964444	70.51916889
NABP1	220.5602324	197.9055373	189.9683171	987.2458193	863.8897108	893.7201273	452.3500575	446.460272	574.016579	212.0816012	206.1828363	163.6044718
NAF1	501.0139762	525.6621386	627.861387	259.6378769	213.2895404	220.2750506	227.9512724	233.5529168	276.4565141	544.2093917	614.2752895	572.6156514
NCEH1	730.1304245	750.9459123	693.330694	5306.251939	5021.023583	4597.094416	1874.529165	1998.103269	2555.639989	1008.38799	1055.485193	1045.564211
NCF2	54.18936744	53.19200212	59.02970305	412.0002238	360.8483419	346.4742984	153.3490378	158.7127556	340.8223438	29.01116242	40.59558435	45.13226809
NECAB2	72.25248992	85.26365046	89.08118824	7.773589128	9.390105552	11.47265889	43.22192958	37.4200806	22.15872823	17.00654349	14.95626792	24.44664521
NEURL3	13.3096692	10.16905923	6.439603969	34.20379216	41.58475316	39.00704022	30.78822381	27.74247355	37.98639126	3.001154733	1.068304851	1.88051117
NEXN	251.9330241	270.6534225	242.5584162	59.07927738	40.24330951	71.1304851	122.560814	123.8733703	60.14511949	169.06505	149.5626792	170.1862609
NMNAT2	5.704143941	1.564470651	4.293069313	23.32076739	22.80454205	25.23984955	29.60406136	34.83938538	8.441420279	7.002694378	12.81965822	4.701277926
NMNAT3	110.2801162	126.7221227	95.52079221	76.18117346	41.58475316	21.79805189	51.51106676	47.74286145	58.03476442	114.0438799	75.84964444	87.44376942
NOCT	93.16768438	110.2951809	104.1069308	217.6604956	238.7769697	278.785611	352.2883301	414.2015818	161.4421628	68.02617396	67.30320563	91.20479176
NR4A3	2.852071971	5.475647277	7.512871297	34.20379216	52.31630236	92.92853699	71.64182848	80.64672543	39.04156879	0	2.136609703	0.940255585
NRTN	96.01975635	105.6017689	114.8396041	43.53209912	37.56042221	42.44883788	32.56446749	35.48455919	40.09674633	82.03156271	84.39608325	76.1607024
NT5C	1002.027952	1059.14663	1058.241586	432.2115555	425.2376371	399.2485293	257.5553338	218.0687456	464.2781153	1548.595842	1475.329	1270.285296
NTF3	88.41423109	88.39259176	80.49504961	736.9362494	716.3309092	696.3903945	166.3748248	136.1316725	423.1261915	196.0754426	194.4314829	159.8434495
OAS1	62.74558336	66.49000265	45.07722778	231.652956	225.3625332	189.2988716	144.4678194	158.7127556	264.8495613	54.0207852	43.8004989	50.7738016
ODAPH	10.45759723	14.08023586	13.95247527	306.2794117	242.8013007	267.3129521	88.81218407	108.389199	245.8563656	49.01886064	40.59558435	24.44664521
OLFML2B	17.11243182	19.55588313	10.73267328	55.96984172	20.12165475	63.09962388	87.03594039	98.71159192	35.87603619	2.000769822	3.204914554	14.10383378
OLMALINC	189.1874407	178.3496542	139.5247527	82.40004476	50.97485871	39.00704022	87.03594039	76.7756826	60.14511949	89.03425709	113.2403142	64.87763538
OLR1	48.4852235	42.24070757	41.8574258	816.2268585	810.2319647	819.1478446	201.3076172	223.230136	258.518496	29.01116242	41.6638892	39.49073458
OPN1SW	19.01381314	32.07164834	26.8316832	3.109435651	1.34144365	5.736329444	5.920812271	5.161390427	2.11035507	16.00615858	12.81965822	12.22332261
OSGIN1	2083.91392	2115.16432	2237.762379	388.6794564	445.3592919	518.5641817	985.8152432	838.7259444	781.8865533	938.3610466	920.8787818	902.6453618
OTOP1	4.753453285	3.128941301	2.146534656	52.86040607	89.87672457	64.24688977	14.80203068	12.25830226	20.04837316	9.0034642	9.614743662	14.10383378
OTULINL	112.1814975	122.0287107	105.1801982	357.5850999	323.2879197	324.6762465	200.1234548	205.1652695	350.3189416	84.03233253	122.8550579	82.7424915
OVAAL	21.86588511	13.29800053	11.80594061	296.9511047	257.5571808	253.5457614	35.52487363	35.48455919	87.57973539	22.00846804	17.09287762	23.50638963
PADI1	96.01975635	129.0688287	98.74059419	408.8907882	327.3122507	395.8067316	494.3878246	494.2031334	258.518496	138.0531177	132.4698016	125.9942484
PADI2	56.09074876	62.57882602	47.22376244	110.3849656	174.3876745	206.50786	370.0507669	341.296942	260.6288511	42.01616627	69.43981534	60.17635745
PAPSS2	129.2939293	157.2293004	138.4514853	296.9511047	351.4582364	348.7688302	561.2930033	538.074952	338.7119887	144.0554272	134.6064113	140.0980822
PAQR4	1561.984749	1608.275829	1490.768319	262.7473125	312.5563705	359.0942232	672.0121928	702.5942719	623.6099231	1663.640107	1558.656778	1719.727465
PBLD	85.56215912	81.35247383	84.78811892	219.2152134	221.3382023	193.8879352	197.1630486	206.4556171	143.5041447	73.02809851	83.3277784	82.7424915
PDCD1LG2	2.852071971	9.386823903	5.366336641	118.1585548	84.51094996	51.62696499	21.9070054	23.87143073	46.42781153	6.002309467	9.614743662	3.761022341
PDCD4-AS1	46.58384219	30.50717769	50.44356442	231.652956	305.8491523	313.2035876	75.78639707	95.4857229	187.8216012	69.02655887	60.89337653	48.89329043
PDGFRL	22.81657577	24.24929508	18.24554458	102.6113765	97.92538647	81.4558781	44.40609203	44.51699243	64.36582963	17.00654349	28.84423099	10.34281144
PGD	15185.38186	14030.17279	15195.31883	6979.128319	7047.944938	6622.01871	6093.699989	5765.918281	9413.238789	8280.185909	7930.026911	8279.890683
PHKB	1870.008522	1846.857603	1985.544557	559.6984172	768.6472116	620.6708458	650.1051874	668.4000603	899.0112597	1736.668206	1702.877933	1729.130021
PHLDA2	51.33729547	71.96564993	40.78415847	545.7059568	631.8199593	666.5614814	191.2422364	178.7131435	240.580478	80.03079289	73.71303474	79.92172474
PHYHIP	30.42210102	35.20058964	36.49108916	85.50948041	92.55961187	135.3773749	138.5470071	138.0671939	75.97278251	36.0138568	25.63931643	32.90894548
PIFO	0	4.693411952	3.219801984	43.53209912	63.04785156	47.03790144	15.39411191	23.87143073	35.87603619	6.002309467	1.068304851	0.940255585
PLA2G3	273.7989092	295.684953	288.7089113	32.64907434	40.24330951	25.23984955	146.2440631	124.5185441	107.6281086	193.0742878	200.841312	215.318529
PLCXD2	24.71795708	26.59600106	34.3445545	97.94722302	92.55961187	81.4558781	92.36467143	78.71120402	63.31065209	39.01501153	44.86880376	19.74536729
PLEKHA6	34.22486365	30.50717769	34.3445545	74.62645563	61.70640791	99.81213232	183.5451804	200.6490529	41.15192386	22.00846804	21.36609703	26.32715638
PLEKHA7	28.52071971	45.36964887	40.78415847	101.0566587	103.2911611	119.3156524	277.0940143	259.359869	63.31065209	24.00923787	36.32236494	36.66996782
PLEKHA8P1	33.27417299	39.89400159	11.80594061	66.8528665	72.43795711	96.37033466	146.8361443	147.744801	40.09674633	28.01077751	28.84423099	36.66996782
PLP1	7.605525255	1.564470651	2.146534656	15.54717826	32.19464761	13.76719067	21.31492418	23.87143073	42.2071014	7.002694378	6.409829108	3.761022341
PLS3-AS1	47.53453285	50.84529614	56.88316839	107.27553	111.339823	113.579323	11.24954332	19.3552141	24.2690833	71.02732869	57.68846197	51.71405718
PMEL	35.17555431	16.42694183	26.8316832	143.03404	105.9740484	98.66486643	72.82599094	75.485335	82.30384772	31.01193224	10.68304851	27.26741197
PMM2	972.556542	903.4818007	925.1564369	384.0153029	406.457426	362.5360208	412.6806153	403.8788009	560.299271	1284.494226	1213.594311	1182.841526
PNKP	809.9884397	784.5820313	705.1366346	225.4340847	264.2643991	273.0492815	352.8804114	298.0702972	394.636398	879.3383369	805.5018579	740.9214011
PNMA2	58.94282073	51.62753147	38.63762381	161.6906539	154.2660198	215.6859871	237.4245721	231.6173954	162.4973404	49.01886064	56.62015712	74.28019123
PPIC	33.27417299	39.89400159	37.56435649	301.6152582	359.5068983	359.0942232	72.23390971	61.93668513	121.3454165	40.01539644	36.32236494	39.49073458
PPM1N	18.06312248	38.32953094	26.8316832	172.5736786	209.2652094	180.1207445	60.98436639	55.48494709	94.96597814	24.00923787	35.25406009	40.43099016
PPP4R1	2278.805505	2089.350554	2232.396043	1117.842117	948.4006607	1057.779149	1030.221335	1068.407818	1153.309046	2408.926866	2416.505574	2427.739921
PPP4R4	32.32348233	39.89400159	30.05148519	69.96230216	80.48661901	94.07580288	75.19431584	86.45328966	79.13831512	32.01231716	47.00541346	17.86485612
PROS1	31.37279168	24.24929508	38.63762381	110.3849656	135.4858087	58.51056033	169.9273122	164.5193199	83.35902526	27.0103926	20.29779218	24.44664521
PRR9	4.753453285	4.693411952	1.073267328	514.6116003	496.3341506	461.2008873	55.65563535	72.90463978	186.7664237	17.00654349	8.546438811	4.701277926
PRXL2A	246.2288801	212.7680085	253.2910894	609.4493877	603.6496426	427.9301765	423.3380774	393.5560201	601.4511949	188.0723633	167.7238617	228.4821072
PSCA	8.556215912	21.90258911	13.95247527	43.53209912	36.21897856	66.54142155	38.48527976	36.77490679	48.5381666	14.00538876	9.614743662	15.04408936
PSD4	133.096692	122.0287107	108.4000001	281.4039264	303.166265	283.3746745	336.8942182	334.845204	455.8366951	146.056197	152.7675937	126.934504
PSG8	89.36492175	62.57882602	61.1762377	180.3472678	144.8759142	175.531681	242.1612219	210.3266599	147.7248549	40.01539644	32.04914554	28.20766756
PTOV1	2160.919863	2287.256091	2249.56832	995.0194084	1002.058407	913.2236474	982.854837	984.535224	1159.640111	2084.802155	2099.219033	1987.700307
PTOV1-AS2	887.9450735	808.8313263	823.1960407	363.8039712	403.7745387	333.8543736	425.7064023	410.9757128	388.3053328	808.3110082	815.1166016	768.1888131
RAB6B	99.82251898	114.9885928	159.9168319	429.1021199	429.2619681	406.1321246	312.6188879	254.1984785	434.7331444	112.04311	114.3086191	134.4565487
RAD23A	3988.147306	4156.798519	4079.489114	1497.193266	1372.296854	1676.155463	1847.293429	1869.068508	2018.554624	4121.585834	3976.230657	3914.284001
RAET1G	11.40828788	8.604588578	17.17227725	287.6227977	258.8986245	261.5766226	68.08934112	72.25946598	93.9108006	26.01000769	9.614743662	21.62587846
RAET1L	80.80870584	86.04588578	76.2019803	463.3059121	325.970807	326.9707783	336.8942182	250.9726095	379.8639126	206.0792917	212.5926654	214.3782734
RASGRF1	23.76726642	42.24070757	38.63762381	121.2679904	92.55961187	80.30861221	105.9825397	142.5834106	69.6417173	25.00962278	52.34693771	44.1920125
RASGRP3	9.506906569	5.475647277	4.293069313	175.6831143	202.5579912	149.1445655	39.07736099	43.22664483	47.48298907	12.00461893	18.16118247	7.522044681
RASL10A	0.950690657	7.822353253	3.219801984	21.76604956	26.828873	24.09258366	22.49908663	32.90386397	10.55177535	2.000769822	0	0
RASSF1	84.61146846	75.87682655	79.42178228	194.3397282	234.7526388	166.3535539	239.792897	220.6494408	126.6213042	130.0500384	116.4452288	88.38402501
RBM12	1972.683113	1744.384775	1949.053468	825.5551654	846.4509433	896.0146591	863.8465104	918.727496	892.6801945	2182.839876	2239.166968	2342.176663
RBMS3	256.6864774	218.2436558	294.0752479	66.8528665	73.77940076	111.2847912	103.6142147	154.8417128	112.9039962	201.0773671	177.3386053	162.6642162
RDH16	9.506906569	7.822353253	16.09900992	57.52455955	54.99918966	49.33243322	39.66944222	47.09768765	64.36582963	12.00461893	5.341524257	5.641533511
REEP1	220.5602324	213.5502438	220.0198023	1234.445954	1138.885659	859.3021507	351.6962489	413.556408	685.8653977	245.0943032	256.3931643	251.0482412
RELB	115.9842601	118.8997694	116.9861388	251.8642878	315.2392578	348.7688302	404.9835593	375.4911536	356.6500068	142.0546574	126.0599725	125.9942484
RFTN1	15.21105051	10.16905923	8.586138625	54.4151239	65.73073886	94.07580288	68.68142235	75.485335	45.372634	17.00654349	29.91253584	22.56613404
RFX8	21.86588511	24.24929508	7.512871297	326.4907434	339.3852435	268.460218	76.3784783	94.8405491	162.4973404	66.02540413	63.02998623	74.28019123
RHOBTB1	98.87182832	112.6418868	93.37425755	236.3171095	225.3625332	268.460218	349.9200052	400.6529319	244.8011881	101.038876	75.84964444	93.08530293
RHOU	178.7298435	174.4384775	198.5544557	547.2606746	548.6504529	478.4098756	515.7027488	569.0432946	613.0581478	205.0789068	194.4314829	251.0482412
RHPN1-AS1	37.07693562	37.54729561	24.68514855	65.29814868	69.75506981	111.2847912	73.41807216	78.06603021	75.97278251	37.01424171	21.36609703	40.43099016
RNASE7	17.11243182	17.20917716	12.87920794	66.8528665	118.0470412	74.57228277	47.9585794	58.06564231	49.59334414	36.0138568	22.43440188	22.56613404
RND1	3.802762628	10.95129455	6.439603969	38.86794564	24.1459857	36.71250844	24.86741154	18.7100403	32.71050358	5.001924556	3.204914554	9.402555852
RPS6KA6	71.30179927	86.04588578	70.83564366	24.87548521	17.43876745	20.650786	30.78822381	37.4200806	35.87603619	19.00731331	33.11745039	22.56613404
RTP4	0	0.782235325	0	15.54717826	14.75588015	11.47265889	14.20994945	6.451738034	15.82766302	1.000384911	1.068304851	0
RXRG	0	0.782235325	1.073267328	20.21133173	26.828873	24.09258366	8.881218407	7.096911837	13.71730795	1.000384911	1.068304851	0
RYR3	1.901381314	1.564470651	2.146534656	13.99246043	28.17031665	10.325393	13.61786822	20.00038791	7.386242744	7.002694378	10.68304851	3.761022341
SAA1	61.7948927	68.83670862	59.02970305	2375.608838	2527.279837	2409.258366	306.6980756	278.7150831	751.2864048	82.03156271	44.86880376	60.17635745
SAMD1	1471.669137	1504.238531	1581.996042	194.3397282	335.3609126	339.5907031	816.4800122	774.2085641	522.3128798	1280.492686	1214.662616	1436.710534
SAMD11	803.3336051	722.0032052	777.0455456	195.894446	155.6074634	175.531681	403.7993969	374.200806	273.2909815	566.2178597	548.0403887	515.2600607
SCD	27188.8021	27247.60309	27487.44954	1845.450059	2100.700756	2238.315749	9102.064704	8709.846346	4805.278494	12603.8495	12021.63449	14921.85614
SCEL	7.605525255	17.20917716	1.073267328	51.30568825	52.31630236	60.8050921	171.1114746	198.7135314	34.82085865	16.00615858	10.68304851	33.84920107
SCFD2	191.088822	157.2293004	194.2613864	46.64153477	73.77940076	65.39415566	74.60223462	76.1305088	81.24867019	246.0946881	213.6609703	212.4977622
SCIN	8.556215912	3.911176626	3.219801984	74.62645563	67.07218251	82.60314399	32.56446749	36.12973299	17.93801809	6.002309467	6.409829108	6.581789096
SEPTIN1	128.3432387	127.504358	111.6198021	13.99246043	2.6828873	28.68164722	38.48527976	52.25907808	43.26227893	93.03579673	40.59558435	76.1607024
SEPTIN3	70.35110861	78.22353253	78.34851495	27.98492086	30.85320396	43.59610377	162.8223375	220.6494408	99.18668828	32.01231716	38.45897465	31.9686899
SERPINB6	327.9882766	299.5961296	312.3207925	2243.457822	2127.529629	1969.855531	474.2570629	538.7201258	1127.984785	283.1089298	361.0870397	316.8661322
SERPINB7	204.3984912	144.7135352	151.3306933	4101.345624	4200.060069	3659.778185	364.1299547	390.9753249	869.4662887	332.1277905	329.0378942	306.5233208
SERPINB8	45.63315153	32.85388366	31.12475252	290.7322334	244.1427443	191.5934034	112.4954332	97.42124431	173.0491157	101.038876	92.94252206	89.32428059
SERTAD4	33.27417299	23.46705976	32.19801984	153.9170647	104.6326047	119.3156524	85.85177793	58.71081611	88.63491293	16.00615858	45.93710861	22.56613404
SERTM1	55.1400581	75.87682655	77.27524763	533.2682142	500.3584815	519.7114476	199.5313735	188.3907506	316.5532605	152.0585065	168.7921665	161.7239607
SFPQ	5674.672531	5641.481166	5954.487137	1337.05733	1334.736432	1685.333591	3075.269894	3203.933108	2268.6317	5244.017704	5127.863286	5609.564821
SH2D1B	0	0	0	13.99246043	20.12165475	10.325393	1.776243681	3.225869017	15.82766302	0	1.068304851	0
SH3TC1	11.40828788	21.12035378	13.95247527	68.40758433	40.24330951	50.47969911	56.24771658	58.71081611	60.14511949	14.00538876	12.81965822	2.820766756
SH3TC2	46.58384219	51.62753147	30.05148519	119.7132726	138.168696	161.7644903	210.7809169	218.0687456	97.07633321	56.02155502	64.09829108	47.95303484
SH3TC2-DT	0	0.782235325	0	63.74343085	61.70640791	63.09962388	10.65746209	7.096911837	13.71730795	2.000769822	3.204914554	3.761022341
SIRPB2	4.753453285	0.782235325	3.219801984	45.08681694	17.43876745	25.23984955	24.86741154	23.87143073	11.60695288	0	1.068304851	0
SLC16A12	37.07693562	30.50717769	37.56435649	287.6227977	261.5815118	211.0969235	103.6142147	94.8405491	117.1247064	35.01347189	51.27863286	49.83354601
SLC16A14	1200.7223	1094.34722	1155.908912	354.4756643	332.6780253	251.2512296	561.2930033	590.9792039	552.9130283	954.3672052	989.2502923	920.5102179
SLC18A3	0	0	1.073267328	9.328306954	17.43876745	36.71250844	3.552487363	9.677607051	10.55177535	1.000384911	3.204914554	0
SLC25A13	1998.351761	1964.975137	2137.948518	971.698641	999.3755194	999.2685891	732.4044779	714.8525742	1420.268962	2459.946496	2600.254008	2423.978899
SLC25A22	509.5701921	533.4844918	505.5089116	121.2679904	85.85239362	115.8738548	272.9494457	283.8764735	171.9939382	535.2059275	498.8983656	538.7664503
SLC29A2	595.1323512	633.6106135	575.2712879	93.28306954	107.315492	126.1992478	320.3159439	300.6509924	194.1526664	438.1685911	465.7809152	454.1434476
SLC38A5	28.52071971	34.41835431	37.56435649	125.9321439	130.1200341	105.5484618	60.98436639	76.7756826	149.83521	37.01424171	52.34693771	46.07252367
SLC44A1	4100.328803	3697.626383	3888.44753	1822.129292	1641.927028	1436.376893	1553.62114	1449.060362	2557.750345	3819.469591	3739.06698	3801.453331
SLC7A11	4397.894979	4505.675474	4286.629709	915.7287993	894.7429147	940.7580288	2203.134246	2025.845743	1598.593965	2213.851808	2117.380215	2086.427144
SLC7A7	9.506906569	12.5157652	5.366336641	219.2152134	234.7526388	217.9805189	43.22192958	39.35560201	88.63491293	3.001154733	2.136609703	1.88051117
SLC9A4	18.06312248	31.28941301	19.31881191	279.8492086	307.1905959	243.2203684	44.99817326	45.16216624	105.5177535	15.00577367	18.16118247	11.28306702
SLC9A8	409.7476731	382.5130741	354.1782183	62.18871303	38.90186586	78.01408044	156.9015252	191.6166196	92.85562307	289.1112393	276.6909565	319.686899
SLCO2A1	31.37279168	20.33811846	21.46534656	49.75097042	53.65774601	69.98321921	263.4761461	277.4247355	108.6832861	43.01655118	42.73219405	48.89329043
SLCO5A1	1.901381314	9.386823903	6.439603969	41.97738129	32.19464761	52.77423088	28.4198989	30.96834256	40.09674633	12.00461893	8.546438811	15.98434495
SMAGP	144.5049798	155.6648297	156.6970299	514.6116003	537.9189037	491.0298004	265.844471	232.2625692	424.181369	221.0850654	176.2703005	206.8562287
SMPDL3B	1.901381314	2.346705976	3.219801984	51.30568825	33.53609126	39.00704022	53.28731044	49.67838286	31.65532605	2.000769822	2.136609703	0
SNRPA	2288.312411	2486.726099	2501.786142	918.838235	917.5474568	1005.004919	1018.971792	1081.311295	1266.213042	2295.883371	2269.079504	2465.350144
SOX12	1786.347744	1926.645606	1730.106933	180.3472678	285.7274975	336.1489054	897.0030591	988.4062668	495.9334414	1203.463048	1122.788399	1377.474432
SOX2	3198.12337	3247.058835	3279.904955	573.6908777	549.9918966	593.1364645	1969.262161	1812.938388	1026.687741	3554.367589	3302.130295	3966.938314
SOX2-OT	2663.835221	2352.963858	2603.746538	822.4457298	767.3057679	759.4900184	672.0121928	594.2050729	1259.881977	3538.361431	3166.455579	3079.337041
SOX21	713.9686833	829.9516801	731.9683178	115.0491191	160.973238	150.2918314	343.4071117	352.2648967	207.8699744	891.3429558	853.5755762	994.7904091
SOX21-AS1	322.2841327	372.3440148	295.1485152	104.1660943	123.4128158	76.86681455	157.4936064	167.1000151	131.8971919	431.1658967	374.9750028	447.5616585
SPINK2	13.3096692	17.99141248	10.73267328	309.3888473	383.652884	279.9328769	33.15654872	32.25869017	132.9523694	37.01424171	20.29779218	39.49073458
SPINK6	9.506906569	14.08023586	5.366336641	911.0646458	1071.813477	697.5376604	52.10314799	38.7104282	170.9387606	97.03733638	119.6501433	62.99712421
SPRY2	122.6390947	146.2780058	145.9643566	343.5926395	355.4825673	426.7829106	249.8582778	305.8123828	346.0982314	273.1050807	275.6226516	257.6300303
SPRYD3	1560.083368	1478.424765	1607.754458	508.392729	504.3828125	603.4618575	448.7975702	464.5251384	604.6167275	1755.675519	1762.703005	1722.548232
SQOR	6.654834598	14.08023586	12.87920794	115.0491191	75.12084441	91.7812711	25.45949277	30.96834256	59.08994195	11.00423402	13.88796307	4.701277926
SREBF1	4983.520423	5345.796213	4898.392086	202.1133173	272.313061	336.1489054	1899.396577	1919.392065	877.907709	2613.005388	2401.549306	3114.126498
SRXN1	11730.57202	11451.14293	11384.14655	3990.960659	3695.677256	3666.66178	3922.53813	3605.876387	5640.979101	8249.173977	8480.20391	7969.60634
ST3GAL5	57.99213007	56.32094342	40.78415847	178.79255	183.7777801	170.9426174	116.0479205	94.1953753	128.7316593	40.01539644	75.84964444	64.87763538
STAG1	853.7202099	875.321329	871.4930705	205.222753	224.0210896	166.3535539	335.7100558	318.0706851	211.035507	706.2717473	732.857128	777.5913689
STAMBPL1	24.71795708	31.28941301	41.8574258	155.4717826	146.2173579	121.6101842	113.0875144	116.1312846	126.6213042	73.02809851	75.84964444	66.75814655
STARD13	42.78107956	48.49859017	24.68514855	62.18871303	131.4614777	99.81213232	111.3112707	144.518932	78.08313758	37.01424171	36.32236494	55.47507953
STARD5	49.43591416	61.01435537	49.37029709	278.2944908	287.0689412	290.2582699	162.2302562	161.2934509	250.0770758	57.02193993	56.62015712	78.04121357
STOML3	0	0	0	13.99246043	4.024330951	10.325393	1.776243681	4.516216624	12.66213042	2.000769822	1.068304851	0.940255585
STRA6	17.11243182	21.12035378	11.80594061	59.07927738	68.41362616	71.1304851	47.9585794	66.45290175	47.48298907	14.00538876	12.81965822	5.641533511
STX11	4.753453285	16.42694183	9.659405953	55.96984172	81.82806266	83.75040988	44.99817326	40.64594961	62.25547456	12.00461893	22.43440188	8.462300267
SYT17	3.802762628	6.257882602	6.439603969	24.87548521	42.92619681	11.47265889	25.45949277	21.93590932	26.37943837	13.00500384	3.204914554	7.522044681
SYTL2	17.11243182	21.90258911	45.07722778	195.894446	209.2652094	149.1445655	185.9135053	151.6158438	98.13151074	14.00538876	3.204914554	7.522044681
TEDC2	337.4951832	339.4901312	328.4198024	138.3698865	126.0957031	146.8500338	144.4678194	151.6158438	194.1526664	292.112394	322.6280651	329.0894548
TEF	573.2664661	470.1234305	552.732674	188.1208569	131.4614777	136.5246408	227.3591912	221.2946146	239.5253004	417.1605079	440.1415987	421.2345022
TENT5C	38.97831693	25.03153041	27.90495053	262.7473125	221.3382023	239.7785707	125.5212201	101.2922871	220.5321048	24.00923787	29.91253584	16.92460053
TEX14	0.950690657	1.564470651	0	146.1434756	123.4128158	130.7883113	21.9070054	20.64556171	17.93801809	4.001539644	5.341524257	5.641533511
TEX15	6.654834598	10.95129455	5.366336641	29.53963869	40.24330951	34.41797666	126.1133014	127.0992393	12.66213042	5.001924556	4.273219405	15.04408936
TEX19	78.90732452	96.99718033	113.7663368	10.88302478	6.707218251	8.030861221	16.57827436	18.0648665	39.04156879	65.02501922	43.8004989	46.07252367
TFAP2C	110.2801162	100.908357	114.8396041	219.2152134	228.0454205	245.5149002	268.8048771	278.7150831	138.2282571	92.03541182	116.4452288	105.3086255
TFAP4	379.3255721	363.7394263	381.0099015	54.4151239	59.02352061	65.39415566	175.2560432	170.9710579	136.117902	416.160123	434.8000745	449.4421697
TGM1	1.901381314	2.346705976	3.219801984	12.43774261	29.51176031	32.12344489	9.473299634	17.41969269	17.93801809	9.0034642	3.204914554	6.581789096
TGM4	0	2.346705976	0	18.65661391	10.7315492	19.50352011	20.13076172	16.12934509	6.331065209	1.000384911	1.068304851	4.701277926
THOC6	954.4934195	918.3442719	913.3504963	312.498283	276.3373919	281.0801427	329.1971623	350.3293752	473.7747132	1372.528098	1322.561406	1129.246958
THSD1	191.088822	213.5502438	176.0158418	398.0077634	435.9691863	432.5192401	397.2865034	463.2347908	347.153409	166.0638952	179.475215	171.1265165
TIMP3	649.3217187	714.180852	627.861387	1388.363018	1521.197099	1775.967596	1797.558606	1911.649979	1094.219104	615.2367203	546.9720839	657.238654
TKT	21109.13535	20363.93222	20718.3525	6826.765973	6764.900328	7472.142733	8930.95323	9421.473051	8286.309181	13261.10238	12735.26213	14289.06413
TLL2	29.47141036	14.08023586	16.09900992	99.50194084	85.85239362	73.42501688	58.61604148	42.58147102	47.48298907	9.0034642	19.22948732	15.04408936
TMEM117	848.9667566	829.1694448	846.8079219	461.7511942	421.2133062	388.9231363	298.4089385	292.2637329	579.2924666	1030.396458	1077.919595	1007.953987
TMEM135	997.2744991	930.8600371	1045.362378	413.5549416	500.3584815	452.0227602	264.6603085	301.2961662	626.7754557	1166.448806	1092.875863	1054.966767
TMEM154	15.21105051	14.86247118	15.02574259	41.97738129	48.29197141	44.74336966	41.4456859	47.09768765	43.26227893	17.00654349	22.43440188	16.92460053
TMEM229B	28.52071971	25.81376573	32.19801984	59.07927738	64.38929521	98.66486643	91.18050898	96.13089671	83.35902526	21.00808313	26.70762128	25.3869008
TMEM255B	26.61933839	32.07164834	30.05148519	90.17363389	130.1200341	97.51760054	62.16852885	51.61390427	86.52455786	35.01347189	21.36609703	18.8051117
TMEM54	237.6726642	215.1147145	217.8732676	1361.932815	1368.272523	1470.794869	374.1953355	394.8463677	838.8661402	242.0931485	222.2074091	252.9287524
TMEM59L	28.52071971	35.98282496	44.00396045	101.0566587	103.2911611	111.2847912	123.1528952	122.5830226	69.6417173	35.01347189	26.70762128	19.74536729
TMEM86A	71.30179927	61.01435537	50.44356442	212.9963421	249.5085189	211.0969235	140.9153321	124.5185441	181.490536	66.02540413	71.57642504	41.37124575
TMPRSS11E	46.58384219	52.40976679	51.51683175	180.3472678	169.0218999	187.0043399	94.73299634	101.9374609	150.8903875	73.02809851	124.9916676	93.08530293
TMPRSS7	9.506906569	3.128941301	3.219801984	161.6906539	253.5328499	175.531681	15.39411191	13.54864987	49.59334414	5.001924556	11.75135336	20.68562287
TNFAIP1	879.3888576	850.2897986	877.9326744	2342.959763	2327.404733	2387.460314	1854.990485	1941.327974	2299.231848	1205.463818	1190.091604	1257.121717
TNFAIP2	17.11243182	29.72494236	25.75841588	102.6113765	76.46228806	145.7027679	75.78639707	84.51776825	69.6417173	32.01231716	34.18575524	22.56613404
TNFAIP8L3	7.605525255	5.475647277	3.219801984	91.72835171	89.87672457	71.1304851	17.76243681	28.38764735	66.4761847	6.002309467	13.88796307	10.34281144
TNFRSF9	5.704143941	4.693411952	11.80594061	49.75097042	45.60908411	32.12344489	56.8397978	54.19459949	39.04156879	11.00423402	3.204914554	4.701277926
TP53I3	217.7081604	218.2436558	211.4336636	1310.627127	1179.128969	968.2924101	767.9293516	711.6267052	1129.039962	278.1070053	321.5597602	279.2559088
TRAPPC9	538.0909118	476.3813131	515.1683175	62.18871303	87.19383727	60.8050921	182.9530992	215.4880503	158.2766302	447.1720553	339.7209427	391.1463234
TREML3P	90.31561241	73.53012058	72.98217831	27.98492086	18.7802111	22.94531778	34.34071117	27.09729974	39.04156879	19.00731331	25.63931643	17.86485612
TRIM22	19.9645038	12.5157652	25.75841588	108.8302478	87.19383727	102.1066641	44.99817326	44.51699243	47.48298907	8.003079289	20.29779218	6.581789096
TRPC1	16.16174117	31.28941301	30.05148519	135.2604508	108.6569357	81.4558781	73.41807216	60.00116372	87.57973539	12.00461893	19.22948732	22.56613404
TSPAN11	0	0.782235325	2.146534656	10.88302478	20.12165475	10.325393	10.65746209	15.48417128	14.77248549	3.001154733	9.614743662	1.88051117
TTLL11	38.97831693	69.61894395	49.37029709	225.4340847	218.655315	230.6004436	162.8223375	134.1961511	137.1730795	72.0277136	67.30320563	57.3555907
TTYH2	76.05525255	72.74788525	69.76237633	236.3171095	283.0446102	343.0325007	361.7616298	347.74868	218.4217497	55.02117011	74.78133959	45.13226809
TUBB2A	638.8641214	703.2295574	614.982179	2077.103015	2002.77537	2379.429453	1372.444284	1370.994332	1728.380802	711.2736718	818.3215161	703.3111777
TUBB3	803.3336051	718.0920286	779.1920802	1741.283965	1621.805373	1697.953515	1518.096266	1498.093572	2109.299892	772.2971514	803.3652482	740.9214011
TUFT1	927.8740811	864.3700344	868.2732685	2411.367348	2409.232796	2624.944353	2024.325716	1787.131435	2191.60374	1242.47806	1267.009554	1152.753347
TXNDC5	197.7436566	322.280954	264.0237627	87.06419824	119.3884849	63.09962388	92.95675266	103.8729823	175.1594708	148.0569668	159.1774228	269.8533529
UBD	6.654834598	2.346705976	7.512871297	65.29814868	72.43795711	82.60314399	20.72284295	15.48417128	67.53136223	5.001924556	4.273219405	8.462300267
UBE2QL1	0	1.564470651	1.073267328	31.09435651	37.56042221	18.35625422	20.72284295	34.19421158	32.71050358	4.001539644	6.409829108	4.701277926
UGT8	1556.280605	1594.195593	1613.120794	446.204016	450.7250665	470.3790144	556.5563535	540.0104734	550.8026732	1701.654734	1823.596381	1827.856858
ULBP2	58.94282073	51.62753147	47.22376244	233.2076739	340.7266872	231.7477095	233.2800035	180.0034911	277.5116917	93.03579673	100.420656	76.1607024
USP44	59.89351139	35.20058964	50.44356442	177.2378321	185.1192237	192.7406693	88.22010284	94.1953753	118.1798839	45.017321	55.55185227	47.95303484
VAMP1	108.3787349	104.0372983	105.1801982	318.7171543	304.5077086	383.1868068	249.2661966	265.811607	224.7528149	89.03425709	82.25947355	111.8904146
VAV1	7.605525255	7.822353253	7.512871297	31.09435651	41.58475316	37.85977433	32.56446749	25.80695214	23.21390577	14.00538876	17.09287762	5.641533511
VGLL2	38.97831693	43.80517822	47.22376244	116.6038369	111.339823	146.8500338	138.5470071	141.9382367	88.63491293	103.0396458	80.12286385	96.84632527
VIPR2	4.753453285	2.346705976	3.219801984	27.98492086	34.87753491	37.85977433	19.53868049	18.0648665	14.77248549	9.0034642	0	4.701277926
VPS9D1-AS1	632.2092868	683.6736743	726.6019812	108.8302478	151.5831325	229.4531778	327.4209186	387.104282	258.518496	755.2906079	776.6576269	741.8616567
VSIG1	2.852071971	1.564470651	0	15.54717826	13.4144365	19.50352011	17.76243681	17.41969269	6.331065209	1.000384911	1.068304851	2.820766756
VSTM2L	7.605525255	9.386823903	6.439603969	24.87548521	36.21897856	40.15430611	30.19614258	25.80695214	17.93801809	2.000769822	6.409829108	1.88051117
VTN	0	1.564470651	2.146534656	41.97738129	59.02352061	42.44883788	13.025787	14.83899748	11.60695288	1.000384911	2.136609703	0
VWA5B1	0	0	0	21.76604956	9.390105552	10.325393	4.736649817	5.806564231	4.22071014	0	3.204914554	0
WDR17	23.76726642	43.80517822	46.15049511	13.99246043	2.6828873	2.294531778	13.025787	16.12934509	11.60695288	26.01000769	21.36609703	29.14792314
WSCD2	52.28798613	64.14329667	92.30099022	0	10.7315492	2.294531778	12.43370577	6.451738034	8.441420279	48.01847573	27.77592613	57.3555907
WWP2	1164.596055	1282.865933	1150.542576	189.6755747	232.0697515	326.9707783	648.3289437	697.4328815	360.8707169	923.355273	990.3185972	1088.815968
XCR1	8.556215912	6.257882602	6.439603969	27.98492086	28.17031665	30.976179	30.19614258	41.93629722	14.77248549	2.000769822	8.546438811	13.16357819
XDH	26.61933839	27.37823638	44.00396045	105.7208121	97.92538647	94.07580288	98.2854837	126.4540655	65.42100716	35.01347189	38.45897465	27.26741197
ZBED2	181.5819155	221.3725971	200.7009904	1620.015974	1467.539353	1445.55502	1005.946005	967.7607051	1015.080789	539.2074671	487.1470122	473.8888149
ZFX	2954.746562	2882.537174	3055.592083	404.2266347	470.8467212	487.5880027	844.8999111	927.1147555	758.6726476	1770.681293	1745.610127	1841.960691
ZMYND15	9.506906569	7.822353253	15.02574259	41.97738129	52.31630236	68.83595333	55.65563535	55.48494709	24.2690833	5.001924556	5.341524257	1.88051117
ZNF219	1568.639584	1464.344529	1489.695051	329.600179	359.5068983	417.6047835	745.4302649	696.1425339	580.3476442	1214.467282	1203.979567	1292.85143
ZNF25	83.66077781	92.30376838	89.08118824	18.65661391	14.75588015	14.91445655	31.97238626	45.80734004	29.54497098	69.02655887	65.16659593	56.41533511
ZNF467	156.8639584	172.0917716	133.0851487	29.53963869	13.4144365	26.38711544	82.29929057	73.54981359	56.97958688	46.01770591	55.55185227	65.81789096
ZNF815P	19.01381314	26.59600106	22.53861389	40.42266347	65.73073886	63.09962388	66.90517866	56.1301209	80.19349265	44.01693609	60.89337653	27.26741197
ZSCAN31	232.9192109	226.8482443	206.067327	20.21133173	17.43876745	44.74336966	58.02396026	61.93668513	49.59334414	112.04311	132.4698016	135.3968043
ZSWIM3	30.42210102	43.02294289	41.8574258	169.464243	166.3390126	125.0519819	81.11512812	78.71120402	98.13151074	33.01270207	34.18575524	41.37124575
