	TR_AG_1	TR_AG_3	TR_SH_1	TR_SH_3
1810011O10Rik	500.4759293	540.0437198	143.6123636	152.6372637
A230050P20Rik	191.2387697	193.6708513	22.89472463	20.08385049
Abca13	386.5464494	465.5549309	8.325354411	8.033540194
Abcc3	98.67106736	108.008744	528.6600051	517.15915
Acsbg1	877.8673312	883.6232588	282.0213807	229.9600881
Adamts5	2185.004667	2175.072637	4965.033237	4312.002699
Adamts7	467.9246493	470.2104802	66.60283529	74.31024679
Adcy3	755.8000314	825.8944474	134.2463399	142.5953384
Adcy7	5313.996452	5195.593029	1336.219383	1378.756336
Adcyap1r1	441.4767344	404.10168	93.66023713	88.36894213
AI607873	287.8753821	324.0262319	54.11480367	60.25155146
Aif1l	468.9418768	478.590469	1717.104347	1685.035056
Aim1	945.0043461	896.6587969	3891.062518	3424.296508
Akap12	1745.562387	1765.384298	6310.618644	5262.97302
Akap5	78.32651739	56.79770157	775.2986295	680.8425314
Akr1c18	212.6005472	193.6708513	7.28468511	4.016770097
Akt3	1046.727096	1120.125164	181.0764584	207.8678525
Alcam	2275.537914	2178.797077	289.3060658	246.0271684
Als2cl	74.25760739	72.62656922	413.1457127	408.7063574
Amot	405.8737719	411.5505589	1015.693238	876.6600737
Amotl2	4965.08742	4799.871338	11253.79783	10888.45954
Angptl2	801.5752688	785.8567234	100.9449222	93.38990476
Angptl4	2143.298339	2101.514958	957.4157573	913.8151971
Ank3	281.7720171	281.1951783	743.0378812	743.1024679
Ano1	92.56770236	94.04209604	953.2530801	930.88647
Antxr2	4400.526159	4447.91181	2232.235651	2027.464706
Apobec3	157.6702623	138.7353694	535.9446902	560.3394285
Apobr	640.8533241	621.9813877	218.5405533	234.9810507
Appbp2	568.6301717	610.8080693	1786.82919	1619.762542
Arnt2	281.7720171	318.4395727	1069.808042	964.0248233
Asap2	1597.047173	1588.473424	608.7915413	583.4358566
Atf5	4220.476891	3920.903628	1948.132932	2100.770761
Atg16l2	60.01642241	84.73099742	351.7462239	368.5386564
Atoh8	206.4971822	218.8108175	1063.564026	889.7145765
B230206H07Rik	39.67187244	64.24658046	316.3634676	310.29549
B3gnt3	200.3938172	174.1175442	790.9086691	832.4756026
Bace1	1143.363708	1284.000499	576.530793	569.3771613
Bai2	302.1165671	292.3684966	41.62677206	41.17189349
Bcam	228.8761872	192.7397414	720.1431566	728.0395801
Bgn	42476.36866	43453.03503	11011.32188	10721.76358
Bhlhb9	999.934631	1050.291924	282.0213807	296.2367947
Bhlhe41	974.5039436	952.5253886	306.9974439	347.4506134
Bmp4	697.818064	609.8769595	3805.727635	3858.107678
Bnip3	990.7795836	991.6320028	384.0069722	451.8866359
Bves	89.51601987	87.52432701	329.8921685	352.471576
C3	6438.032838	6431.175815	1094.784105	953.982898
Camk2n1	423.1666394	401.3083504	105.1075994	117.4905253
Capg	4128.926416	4202.098806	1877.36742	2156.00135
Car13	466.9074218	530.7326212	1066.686034	1092.561466
Car8	249.2207371	250.4685528	13.52870092	10.04192524
Cck	722.2315239	632.2235962	4.162677206	14.05869534
Ccl5	511.6654318	489.7637873	1655.704859	1927.045454
Cd248	2306.054739	2213.248141	974.0664661	978.0835186
Cd24a	1028.417001	1052.154144	5336.552178	5188.662773
Cd55	1128.105296	1182.509524	518.2533121	469.9621014
Cd74	661.197874	662.0191117	261.2079947	227.951703
Cdca2	684.5941065	616.3947285	1404.903557	1328.54671
Cdh10	207.5144097	226.2596964	6.244015808	10.04192524
Cdr2l	2878.753821	2658.318655	1369.520801	1300.429319
Cebpa	467.9246493	418.9994378	135.2870092	106.4444076
Cep55	804.6269513	696.4701766	1498.563794	1523.360059
Cercam	476.0624693	420.8616575	66.60283529	103.43183
Cfh	702.9042015	719.7479232	157.1410645	173.7253067
Cldn15	2996.752211	2946.031603	1424.676274	1500.263631
Clmn	47.80969243	42.83105364	482.8705558	394.647662
Clu	544.2167117	556.8036974	1520.417849	1763.362073
Cmpk2	126.1362098	146.1842483	626.4829194	627.6203277
Col11a1	3519.607145	3646.226219	1175.956311	1109.632739
Col1a2	41999.28896	43376.68402	7054.697194	6977.129659
Col4a2	8230.38769	8283.153331	3747.450154	3514.673835
Col5a3	335.6850745	335.1995502	75.968859	61.25574398
Col8a1	1497.358878	1413.42477	446.4471303	372.5554265
Cp	2964.200931	3056.833676	1502.726471	1364.69764
Creb3l1	753.7655764	758.8545374	129.0429934	112.4695627
Csgalnact1	220.7383672	227.1908063	10.40669301	8.033540194
Ctla2a	1899.16374	2088.47942	877.2842211	935.9074326
Ctsk	2331.485427	2325.912435	433.9590987	470.9662939
Cxcl12	2050.730637	2113.619386	6563.501284	6771.270191
Cyb561	602.1986791	607.0836299	193.5644901	194.8133497
Daam2	735.4554814	707.643495	4328.143625	4049.90845
Deptor	197.3421347	163.8753357	653.5403213	611.5532473
Dhrs3	470.9763318	459.0371619	1098.946782	1030.30153
Dlc1	1648.925775	1642.477796	5033.717411	4535.937632
Dlgap5	1170.828851	1141.540691	2569.412505	2481.359727
Dmpk	1559.409755	1531.675723	412.1050434	427.7860153
Dnaja4	368.2363545	368.7195053	24.97606323	36.15093087
Dnm1	2039.541135	1815.664231	915.7889852	984.1086738
Dock8	866.6778287	801.685591	176.9137812	157.6582263
Dpt	1828.975042	1757.935419	272.655357	320.3374152
Dsel	568.6301717	600.5658609	130.0836627	140.5869534
Enpp5	28.48236996	48.41771281	501.6026033	495.0669145
Epb4.1l3	2.034454997	0.931109862	1588.061354	1468.12947
Epb4.1l4a	213.6177747	175.9797639	1080.214735	936.9116251
Eps8l2	248.2035096	225.3285866	1262.331863	1207.039414
Etv4	1441.411365	1471.153582	520.3346507	520.1717276
Eya1	23.39623247	33.51995502	478.7078786	385.6099293
F2rl1	520.8204792	504.6615451	1181.159657	1152.813018
Fam107b	1778.113667	1824.044219	5086.791545	5094.268676
Fam110c	650.0083716	629.4302666	208.1338603	178.7462693
Fam195b	1893.060375	1890.153019	864.7961895	923.8571223
Fam20a	262.4446946	276.539629	18.73204743	30.12577573
Fam69a	1387.498308	1432.046967	552.595399	605.5280921
Fam83h	383.4947669	346.3728686	1083.336743	1013.230257
Fancd2	462.8385118	503.7304352	1097.906113	1022.26799
Fbln1	3.051682496	4.655549309	306.9974439	351.4673835
Fgf7	359.081307	356.6150771	1358.073438	1295.408356
Fgfr1	3986.514567	3969.321341	1849.269349	1769.387228
Fhl1	938.9009811	951.5942788	3047.079714	3179.273532
Foxo6	631.6982766	560.5281368	1281.06391	1286.370624
Foxp2	666.2840115	703.9190555	1694.209623	1588.632573
Foxred2	948.0560286	929.2476421	297.6314202	275.1487516
Fras1	126.1362098	127.5620511	1002.164537	760.1737409
Fstl3	60.01642241	82.8687777	395.4543345	465.9453313
Gas6	11.18950248	2.793329585	2959.663493	2916.17509
Gas7	253.2896471	252.3307725	40.58610275	46.19285612
Gda	498.4414743	556.8036974	186.279805	171.7169216
Gfod1	1155.570438	1128.505152	568.2054386	485.0249892
Gfpt2	1593.99549	1456.255824	217.499884	195.8175422
Gnai1	185.1354047	243.9507838	657.7029985	653.7293333
Gpr153	654.0772815	634.0858159	160.2630724	167.7001516
Gprc5a	1866.61246	1868.737493	4250.093427	4421.459684
Gpsm3	742.5760739	720.679033	225.8252384	224.9391254
H2-K1	895.1601987	879.8988194	2030.345807	2268.470912
Hap1	1355.964256	1260.722753	278.8993728	318.3290302
Hapln4	326.530027	360.3395165	68.68417389	58.24316641
Has1	723.2487514	700.1946161	121.7583083	127.5324506
Havcr2	459.7868293	557.7348072	83.25354411	62.2599365
Hist1h1c	621.5260016	630.3613764	168.5884268	138.5785683
Hmha1	932.7976161	922.729873	1895.058798	2066.628215
Hpcal1	1467.85928	1463.704703	713.8991408	723.0186175
Hs3st1	1027.399773	1042.843045	420.4303978	433.8111705
Hspa1a	323.4783445	334.2684404	47.87078786	70.2934767
Htatip2	383.4947669	428.3105364	16.65070882	14.05869534
Id2	226.8417322	175.9797639	580.6934702	610.5490547
Ifi203	523.8721617	590.3236524	189.4018129	178.7462693
Ifi44	1161.673803	1220.685029	559.8800842	467.9537163
Ifi47	465.8901943	532.5948409	54.11480367	57.23897388
Ifit3	2835.013038	2986.069327	1212.379736	1164.863328
Igdcc4	324.495572	340.7862094	38.50476415	56.23478136
Igf1r	1445.480275	1527.951283	3251.050898	2721.361741
Igfbp4	26749.0143	25935.13409	11766.84779	12142.696
Igfbp7	7544.776356	6876.246329	1821.171277	2119.850419
Il17rd	13.22395748	11.17331834	181.0764584	174.7294992
Impact	973.4867161	986.0453436	2817.091799	2712.324008
Iqgap3	635.7671866	577.2881143	1452.774345	1420.932422
Iqsec1	1304.085653	1322.176004	2824.376484	2467.301032
Irgm1	5745.300912	5974.000873	2777.546365	2723.370126
Irgm2	2006.989855	2064.270564	807.5593779	747.119238
Itga3	4374.078244	4531.711697	12737.79225	11878.59337
Itgb3	710.024794	709.5057147	289.3060658	260.0858638
Itgb8	828.0231838	837.9988756	335.095515	315.3164526
Jam2	1028.417001	1054.016364	247.6792937	303.2661423
Kalrn	10.17227499	16.75997751	163.3850803	192.8049647
Kif2c	780.2134914	837.0677658	1652.582851	1626.791889
Klf2	1150.484301	1042.843045	446.4471303	500.0878771
Klf5	225.8245047	197.3952907	772.1766216	643.687408
Krt18	285.8409271	313.7840234	44.74877996	36.15093087
Krt19	94.60215736	105.2154144	1939.807578	2104.787531
Lama2	527.9410717	500.0059958	61.39948878	50.20962621
Ldhb	16.27563998	18.62219724	236.2319314	269.1235965
Ldlrad4	737.4899364	761.6478669	258.0859867	251.0481311
Lgals3bp	4737.228461	4912.535631	1936.68557	1911.982566
Lif	1217.621316	1310.071576	530.7413437	485.0249892
Llgl2	406.8909994	444.1394041	1212.379736	1053.397958
Lmo7	439.4422794	509.3170944	1645.298166	1501.267824
Loxl4	704.9386565	664.8124413	2102.151989	2027.464706
Lphn1	1981.559167	1769.108737	433.9590987	351.4673835
Lpl	605.2503616	591.2547622	2016.817106	1843.697475
Lrch2	303.1337946	289.575167	48.91145717	25.10481311
Lrp2	265.4963771	268.1596402	1010.489892	786.2827465
Lrp5	800.5580413	827.7566671	1771.219151	1552.481642
Lrrc32	204.4627272	233.7085753	26.01673253	24.10062058
Lrrk2	3.051682496	5.586659171	188.3611436	176.7378843
Ly75	396.7187244	374.3061644	1009.449222	913.8151971
Macc1	338.736757	343.579539	68.68417389	57.23897388
Maged2	2269.434549	2391.090125	1120.800838	1185.951371
Magi1	613.3881816	599.634751	1308.121312	1283.358046
Map1a	1509.565608	1629.442258	491.1959103	393.6434695
Map2	9.155047487	5.586659171	516.1719735	407.7021648
Map3k1	238.0312347	244.8818937	835.657449	668.7922212
Marcksl1	635.7671866	681.5724188	1922.1162	2087.716258
Masp1	14.24118498	11.17331834	178.9951198	185.775617
Mctp1	277.7031071	306.3351445	14.56937022	29.1215832
Mcts2	19.32732247	19.5533071	237.2726007	181.7588469
Medag	2512.551921	2477.683342	553.6360683	534.2304229
Mfsd6	674.4218315	635.9480356	28.09807114	26.10900563
Mlh3	1045.709868	1026.083068	477.6672093	418.7482826
Mmd	1817.78554	1851.977515	684.7604003	641.679023
Mmp13	2779.065526	2758.878521	659.7843371	656.7419109
Mn1	82.39542738	62.38436074	394.4136652	300.2535648
Msn	25706.35611	26123.21828	12533.82107	11030.05069
Nav2	272.6169696	278.4018487	869.999536	735.0689278
Ncam1	2436.259859	2453.474486	1050.035325	942.9367803
Ncapd2	4419.853481	4510.296171	9680.305842	9126.10166
Ndn	1283.741103	1225.340578	401.6983503	386.6141218
Ndrg2	955.1766211	978.5964647	143.6123636	154.6456487
Neto2	1200.328448	1155.507338	226.8659077	233.9768582
Nf2	3413.815485	3281.231153	1039.628632	843.5217204
Nid2	122.0672998	111.7331834	1984.556358	1902.944833
Nnmt	972.4694886	1037.256386	293.468743	359.5009237
Nov	1187.104491	1161.093998	4244.89008	4474.681888
Nrp2	4013.979709	4131.334457	1831.57797	1542.439717
Nt5e	637.8016416	668.5368808	43.70811066	54.22639631
Oas2	389.5981319	391.9972518	80.13153621	93.38990476
Oas3	1007.055224	986.0453436	344.4615388	344.4380358
Oasl1	1590.943808	1581.955655	4302.126892	4496.774124
Olr1	2266.382867	2248.630316	730.5498496	670.8006062
Osgin1	352.977942	351.0284179	809.6407165	842.5175278
P2rx3	394.6842694	430.1727562	108.2296073	120.5031029
Panx1	17.29286747	15.82886765	247.6792937	283.1822918
Parm1	70.1886974	64.24658046	585.8968167	485.0249892
Pax3	7.12059249	13.96664793	318.4448062	301.2577573
Pcdhb22	482.1658343	609.8769595	148.8157101	130.5450282
Pcsk9	476.0624693	471.1415901	43.70811066	42.17608602
Pdzd4	36.62018995	38.17550433	248.719963	242.0103983
Peg3	8308.714208	8523.379675	2849.352547	2226.294826
Peg3os	1286.792786	1313.796015	478.7078786	377.5763891
Peli2	31.53405245	25.13996627	304.9161053	258.0774787
Perp	9.155047487	9.311098618	737.8345347	713.9808847
Phactr2	18.31009497	12.1044282	263.2893333	252.0523236
Pkd1	4948.81178	5130.415338	2397.70207	2225.290634
Pknox2	901.2635637	943.21429	306.9974439	286.1948694
Pkp1	39.67187244	30.72662544	247.6792937	269.1235965
Plac8	758.8517139	758.8545374	26.01673253	39.16350845
Plau	3606.071482	3631.328461	829.4134332	801.3456344
Plekha6	155.6358073	163.8753357	604.6288641	469.9621014
Plod2	2965.218158	3062.420335	1070.848711	1096.578236
Plscr4	918.5564312	945.0765097	370.4782713	389.6266994
Plxnb3	20.34454997	24.20885641	209.1745296	227.951703
Plxnd1	1049.778778	1028.876397	479.7485479	406.6979723
Pmepa1	3435.177262	3404.137655	1489.19777	1596.666114
Popdc3	28.48236996	42.83105364	389.2103187	365.5260788
Postn	645.9394616	751.4056585	78.0501976	72.30186175
Ppapdc2	547.2683942	528.8704015	194.6051594	175.7336917
Prex2	117.9983898	137.8042595	1103.109459	838.5007578
Prkg2	1667.23587	1641.546686	609.8322106	568.3729687
Prl2c2	912.4530662	878.0365997	183.157797	142.5953384
Prrx2	17.29286747	26.07107613	170.6697654	241.0062058
Ptgfrn	3043.544676	3012.140403	1546.434582	1385.785683
Ptgs2	7426.777967	7733.798512	3394.663261	3055.757851
Ptk7	4038.393169	3920.903628	1536.027889	1464.1127
Ptprg	982.6417636	1035.394166	2849.352547	2609.896371
Ptprq	44.75800993	68.90212977	599.4255176	510.1298023
Ptx3	345.8573495	336.1306601	1122.882176	1259.257425
Reep5	5511.338587	5675.114608	2522.582387	2531.569354
Rftn2	392.6498144	364.063956	100.9449222	107.4486001
Rpia	372.3052645	303.5418149	885.6095755	884.6936139
Rsad2	308.219932	350.097308	3151.146645	2925.212823
Saa3	486.2347443	539.11261	50.99279577	64.26832155
Sdc1	5341.461595	5174.177502	1724.389032	1691.060211
Sema3c	3630.484942	3755.166073	8094.325826	7095.624376
Sema6a	10.17227499	3.724439447	448.5284689	358.4967312
Sepw1	2751.600383	2614.556492	1120.800838	1385.785683
Serpinf1	3890.895182	3984.219099	1411.147573	1352.64733
Sfrp2	17.29286747	14.89775779	998.00186	996.1589841
Sh2d4a	660.1806465	649.9146835	1300.836627	1337.584442
Sh3rf2	188.1870872	169.4619948	608.7915413	547.2849257
Sh3tc2	637.8016416	716.0234837	1554.759936	1482.188166
Shroom3	129.1878923	119.1820623	999.0425293	884.6936139
Slc16a2	183.1009497	213.2241584	27.05740184	18.07546544
Slc16a3	4299.820636	4293.347573	719.1024873	876.6600737
Slc24a3	250.2379646	243.9507838	1103.109459	1104.611777
Slc29a1	3197.146028	3463.728686	1487.116432	1689.051826
Slc38a4	21.36177747	18.62219724	762.8105979	653.7293333
Slc5a7	473.0107868	432.9660857	20.81338603	21.08804301
Slco2a1	745.6277564	772.8211853	1814.927262	1682.022478
Slco4a1	216.6694572	233.7085753	21.85405533	16.06708039
Slfn2	275.6686521	258.8485416	46.83011856	42.17608602
Slit2	4696.539361	4815.700205	924.1143396	847.5384905
Slit3	1344.774753	1328.693773	657.7029985	608.5406697
Smc4	2770.927706	2840.816188	6051.491988	5713.855463
Snhg18	861.5916912	907.8321153	401.6983503	355.4841536
Snhg4	1107.760746	1046.567485	268.4926798	336.4044956
Snx24	927.7114786	903.1765659	348.624216	403.6853948
Sod3	2640.722586	2508.409968	1101.028121	1192.980719
Soga2	72.22315239	76.35100867	326.7701606	308.2871049
Sp100	294.9959746	296.0929361	33.30141764	38.15931592
Spon2	6389.205918	6335.2715	1445.48966	1649.888317
Spp1	18442.33455	19363.36069	2338.38392	2518.514851
Spry4	522.8549342	521.4215226	169.6290961	186.7798095
Srgap1	98.67106736	105.2154144	679.5570538	575.4023164
Srgap3	129.1878923	106.1465242	469.3418549	417.7440901
Ssh3	676.4562865	662.9502216	183.157797	237.9936282
St3gal1	1989.696987	2041.923927	622.3202422	556.3226584
St8sia1	1665.201415	1768.177628	634.8082739	588.4568192
Stat1	4092.306227	4115.505589	1906.50616	1939.095764
Stc1	486.2347443	447.8638435	5.203346507	3.012577573
Stc2	603.2159066	569.8392354	55.15547297	94.39409728
Sv2a	1283.741103	1322.176004	420.4303978	447.8698658
Syn1	632.7155041	604.2903003	207.093191	155.6498413
Synpo	2274.520687	2192.763725	795.0713463	799.3372493
Tagln	4401.543386	4293.347573	1149.939578	1179.926216
Tbc1d9	441.4767344	443.2082942	1521.458519	1492.230091
Tbkbp1	185.1354047	158.2886765	629.6049273	508.1214173
Tead3	1028.417001	972.0786957	257.0453174	254.0607086
Tgtp1	465.8901943	560.5281368	122.7989776	121.5072954
Thbd	622.5432291	594.0480918	1262.331863	1276.328698
Thy1	259.3930121	272.8151895	5.203346507	6.025155146
Timp1	2394.553532	2405.987883	919.9516624	1006.200909
Timp2	54122.60629	52690.57597	23734.54476	23228.98147
Tinf2	593.0436316	594.0480918	1222.786429	1196.997489
Tjp2	1291.878923	1284.931609	2872.247272	2652.072457
Tmem2	1713.011107	1662.031103	3795.320942	3360.028186
Tmem45a	2108.712604	2179.728186	853.3488271	860.5929933
Tnc	4058.737719	3933.008056	1568.288637	1393.819224
Tnfaip2	768.0067614	699.2635062	259.126656	267.1152115
Tnfrsf10b	397.7359519	409.6883392	875.2028825	1012.226064
Tnfrsf21	90.53324737	95.90431577	602.5475255	564.3561986
Tnfrsf23	1759.803572	1816.59534	801.3153621	697.9138044
Tnfsf13b	309.2371595	297.9551558	42.66744136	63.26412903
Tor3a	1275.603283	1265.378302	535.9446902	556.3226584
Tpcn1	5910.091766	5783.123352	2672.438766	2514.498081
Trf	4156.391559	4393.907438	107.188938	97.40667485
Trib2	482.1658343	500.0059958	86.37555202	90.37732718
Trim30a	750.7138939	886.4165884	276.8180342	182.7630394
Trim30d	424.1838669	459.9682717	135.2870092	104.4360225
Tspan15	101.7227499	121.044282	579.6528009	646.6999856
Tspan17	17.29286747	22.34663668	237.2726007	272.1361741
Tspan8	249.2207371	306.3351445	705.5737863	833.4797951
Tubb4b	3793.241342	3520.526387	7545.893104	7784.500448
Tulp4	8713.570752	9042.007868	4690.296541	4008.736557
Wipf1	516.7515692	419.9305477	64.52149669	74.31024679
Wls	3404.660438	3593.152957	7328.39322	7594.708061
Wnt7a	72.22315239	57.72881143	429.7964215	484.0207967
Wwc1	2437.277086	2243.043657	4986.887292	4665.478468
Zadh2	2487.121234	2451.612266	1104.150129	1064.444076
Zcchc11	760.8861689	744.8878894	1856.554034	1637.838007
Zdhhc15	286.8581546	283.9885078	49.95212647	56.23478136
Zfp422	10.17227499	5.586659171	241.4352779	245.0229759
Zfp521	525.9066167	500.9371056	1362.236116	1213.064569
